976052857.337530 0.000000 0.000000 1.000000 -0.000000 -0.000000 0.001229 0.999999
976052888.372558 0.703912 -0.019466 1.000000 -0.000000 -0.000000 0.012086 0.999927
976052890.445780 0.638803 -0.032194 1.000000 -0.000000 -0.000000 0.124123 0.992267
976052891.565788 0.632972 -0.088831 1.000000 -0.000000 -0.000000 0.398584 0.917132
976052892.765064 0.604481 -0.097186 1.000000 -0.000000 -0.000000 0.539628 0.841904
976052894.779246 0.547817 -0.097711 1.000000 -0.000000 -0.000000 0.730831 0.682559
976052896.365811 0.507445 -0.067082 1.000000 0.000000 0.000000 0.881279 0.472597
976052898.601112 0.580651 -0.012637 1.000000 0.000000 0.000000 0.976329 0.216289
976052898.794433 0.621861 -0.003589 1.000000 0.000000 0.000000 0.988821 0.149106
976052900.236210 0.633158 0.023839 1.000000 0.000000 0.000000 0.999730 -0.023233
976052901.967402 0.627144 0.072640 1.000000 0.000000 0.000000 0.963352 -0.268242
976052903.644597 0.642255 0.110962 1.000000 0.000000 -0.000000 -0.865171 0.501476
976052905.508136 0.698129 0.136977 1.000000 0.000000 -0.000000 -0.703654 0.710543
976052907.167772 0.659517 0.115815 1.000000 0.000000 -0.000000 -0.493947 0.869492
976052909.124882 0.706541 0.078463 1.000000 0.000000 -0.000000 -0.246114 0.969241
976052910.984758 0.774539 0.070522 1.000000 0.000000 0.000000 0.015512 0.999880
976052914.947754 1.449831 0.009074 1.000000 0.000000 0.000000 0.048058 0.998845
976052917.910720 1.998920 -0.035230 1.000000 0.000000 0.000000 0.051622 0.998667
976052920.608149 2.992835 -0.208219 1.000000 0.000000 0.000000 0.090570 0.995890
976052923.994845 4.081509 -0.377361 1.000000 0.000000 0.000000 0.017546 0.999846
976052927.714880 5.061588 -0.414430 1.000000 0.000000 -0.000000 -0.046803 0.998904
976052928.964339 5.428855 -0.379023 1.000000 0.000000 -0.000000 -0.032886 0.999459
976052932.350295 6.432455 -0.350568 1.000000 0.000000 -0.000000 -0.019713 0.999806
976052935.783143 7.435062 -0.369571 1.000000 0.000000 -0.000000 -0.001556 0.999999
976052939.330908 8.410612 -0.353851 1.000000 0.000000 0.000000 0.016843 0.999858
976052943.291266 8.802164 -0.374653 1.000000 0.000000 0.000000 0.191479 0.981497
976052947.290913 9.194146 -0.801583 1.000000 0.000000 0.000000 0.391386 0.920227
976052950.170087 9.683729 -1.292128 1.000000 0.000000 0.000000 0.377001 0.926213
976052953.199871 10.293614 -1.887073 1.000000 0.000000 0.000000 0.365185 0.930935
976052955.615751 10.887166 -2.303025 1.000000 0.000000 0.000000 0.357316 0.933984
976052961.342821 11.524054 -2.857692 1.000000 0.000000 0.000000 0.498883 0.866670
976052965.240740 11.665753 -3.331976 1.000000 0.000000 0.000000 0.559794 0.828632
976052968.496018 12.042202 -4.255195 1.000000 0.000000 0.000000 0.575671 0.817681
976052972.331020 12.373629 -5.207284 1.000000 0.000000 0.000000 0.598086 0.801432
976052974.135298 12.520002 -5.670523 1.000000 0.000000 0.000000 0.612291 0.790632
976052977.446973 12.745991 -6.663076 1.000000 0.000000 0.000000 0.640751 0.767748
976052980.735817 12.884937 -7.612339 1.000000 0.000000 0.000000 0.655043 0.755591
976052984.407173 13.055290 -8.586234 1.000000 0.000000 0.000000 0.669598 0.742724
976052986.995661 13.040747 -9.365284 1.000000 0.000000 0.000000 0.692239 0.721668
976052990.496517 13.066367 -10.375053 1.000000 0.000000 0.000000 0.729878 0.683577
976052993.142559 13.041887 -11.149008 1.000000 0.000000 0.000000 0.725841 0.687863
976053000.976393 12.946163 -12.030702 1.000000 0.000000 0.000000 0.753148 0.657851
976053004.432251 12.817382 -12.900172 1.000000 0.000000 0.000000 0.738983 0.673724
976053006.402828 12.929494 -13.536832 1.000000 0.000000 0.000000 0.733687 0.679488
976053010.302768 12.634456 -14.550746 1.000000 0.000000 0.000000 0.747513 0.664247
976053012.837491 12.504040 -15.304845 1.000000 0.000000 0.000000 0.738313 0.674459
976053016.593455 12.401706 -16.287250 1.000000 0.000000 0.000000 0.732598 0.680662
976053020.596814 12.322560 -17.259186 1.000000 0.000000 0.000000 0.741482 0.670973
976053023.624302 12.224774 -18.263201 1.000000 0.000000 0.000000 0.752402 0.658704
976053028.793512 12.123274 -18.806886 1.000000 0.000000 0.000000 0.863161 0.504929
976053030.754726 12.073491 -18.790007 1.000000 0.000000 0.000000 0.964026 0.265806
976053032.398000 12.065129 -18.751103 1.000000 0.000000 0.000000 0.996170 0.087435
976053037.546896 12.060189 -18.731861 1.000000 0.000000 0.000000 0.998221 -0.059616
976053039.790156 12.065780 -18.678402 1.000000 0.000000 0.000000 0.934155 -0.356868
976053042.464899 12.072468 -18.671045 1.000000 0.000000 0.000000 0.888000 -0.459843
976053043.677262 12.218868 -18.775793 1.000000 0.000000 0.000000 0.979731 -0.200319
976053047.387749 12.155658 -18.822978 1.000000 0.000000 0.000000 0.996559 0.082884
976053050.287163 11.348528 -18.931305 1.000000 0.000000 0.000000 0.997386 0.072260
976053053.973368 10.364939 -18.991481 1.000000 0.000000 0.000000 0.999436 0.033582
976053057.572737 9.347698 -18.985186 1.000000 0.000000 0.000000 0.999999 -0.001110
976053060.506526 8.529734 -18.940417 1.000000 0.000000 0.000000 0.999059 -0.043364
976053063.289894 7.751960 -18.838859 1.000000 0.000000 0.000000 0.998774 -0.049506
976053066.787095 6.542425 -18.498716 1.000000 0.000000 0.000000 0.993246 -0.116025
976053069.130772 6.138309 -18.511879 1.000000 0.000000 0.000000 0.993809 -0.111101
976053073.968158 5.731335 -18.568168 1.000000 0.000000 0.000000 0.996726 0.080859
976053077.398141 4.801118 -18.688215 1.000000 0.000000 0.000000 0.996124 0.087960
976053081.301212 3.717100 -18.783557 1.000000 0.000000 0.000000 0.999907 -0.013610
976053083.218245 3.118614 -18.737550 1.000000 0.000000 0.000000 0.999300 -0.037405
976053086.237916 2.352221 -18.730966 1.000000 0.000000 0.000000 0.999375 0.035359
976053088.765000 1.822454 -18.766092 1.000000 0.000000 0.000000 0.998942 0.045998
976053091.723792 0.826960 -18.766514 1.000000 0.000000 0.000000 0.999855 -0.017014
976053095.238123 -0.144631 -18.725062 1.000000 0.000000 0.000000 0.999981 -0.006232
976053097.912402 -0.875234 -18.664900 1.000000 0.000000 0.000000 0.999415 0.034198
976053100.998026 -1.706437 -18.651896 1.000000 0.000000 0.000000 0.999899 -0.014191
976053103.842900 -2.350581 -18.605036 1.000000 0.000000 0.000000 0.999989 -0.004774
976053106.760085 -3.351374 -18.640528 1.000000 0.000000 0.000000 0.999946 0.010401
976053109.546206 -4.191990 -18.654019 1.000000 0.000000 0.000000 0.999998 0.001733
976053111.968381 -4.869196 -18.623586 1.000000 0.000000 0.000000 0.999992 -0.004087
976053116.460700 -5.413508 -18.649627 1.000000 0.000000 0.000000 0.998617 -0.052576
976053117.611086 -5.404031 -18.609041 1.000000 0.000000 0.000000 0.954815 -0.297201
976053119.742177 -5.374014 -18.539803 1.000000 0.000000 0.000000 -0.831111 0.556106
976053123.173400 -5.407957 -17.825461 1.000000 0.000000 0.000000 -0.763350 0.645985
976053124.968113 -5.504628 -17.281577 1.000000 0.000000 0.000000 -0.773578 0.633701
976053127.368615 -5.618568 -16.609740 1.000000 0.000000 0.000000 -0.788204 0.615414
976053130.249828 -5.822762 -15.856376 1.000000 0.000000 0.000000 -0.806835 0.590777
976053133.585567 -6.099628 -15.052264 1.000000 0.000000 0.000000 -0.829523 0.558472
976053136.814000 -6.214487 -14.752605 1.000000 0.000000 0.000000 -0.814630 0.579981
976053140.325236 -6.208225 -13.963113 1.000000 0.000000 0.000000 -0.737255 0.675615
976053143.707974 -6.341920 -12.970717 1.000000 0.000000 0.000000 -0.770718 0.637176
976053147.978950 -6.486434 -12.242911 1.000000 0.000000 0.000000 -0.797318 0.603560
976053148.910664 -6.443053 -12.226596 1.000000 0.000000 0.000000 -0.635902 0.771770
976053152.463419 -6.219003 -11.294949 1.000000 0.000000 0.000000 -0.647872 0.761750
976053154.272557 -6.192325 -10.686884 1.000000 0.000000 0.000000 -0.709574 0.704631
976053157.979114 -6.170686 -9.676346 1.000000 0.000000 0.000000 -0.719371 0.694626
976053160.671548 -6.142507 -8.890674 1.000000 0.000000 0.000000 -0.709184 0.705024
976053164.299786 -6.183443 -7.926211 1.000000 0.000000 0.000000 -0.748909 0.662672
976053167.890584 -6.262623 -6.864459 1.000000 0.000000 0.000000 -0.726000 0.687695
976053170.612214 -6.279541 -6.082491 1.000000 0.000000 0.000000 -0.719746 0.694238
976053172.899544 -6.255393 -5.442619 1.000000 0.000000 0.000000 -0.699658 0.714478
976053176.412595 -6.238512 -4.417622 1.000000 0.000000 0.000000 -0.692917 0.721018
976053180.236508 -6.197864 -3.387259 1.000000 0.000000 0.000000 -0.715246 0.698873
976053183.680173 -6.262720 -2.390807 1.000000 0.000000 0.000000 -0.764826 0.644236
976053185.719800 -6.400527 -2.060626 1.000000 0.000000 0.000000 -0.756480 0.654017
976053188.414265 -6.503200 -1.031351 1.000000 0.000000 0.000000 -0.751543 0.659684
976053191.731460 -6.477743 -0.369360 1.000000 0.000000 0.000000 -0.714733 0.699397
976053195.258454 -6.437384 0.017606 1.000000 0.000000 0.000000 -0.528413 0.848987
976053197.283101 -6.402753 -0.026240 1.000000 0.000000 0.000000 -0.263928 0.964542
976053200.982955 -6.090095 -0.059119 1.000000 0.000000 0.000000 -0.018151 0.999835
976053203.906857 -5.309091 -0.042354 1.000000 0.000000 0.000000 -0.031698 0.999497
976053207.500594 -4.294430 0.029731 1.000000 0.000000 0.000000 -0.048152 0.998840
976053210.798304 -3.237220 0.173186 1.000000 0.000000 0.000000 -0.035524 0.999369
976053214.402543 -2.234895 0.256284 1.000000 0.000000 0.000000 -0.036962 0.999317
976053217.553836 -1.421720 0.338569 1.000000 0.000000 0.000000 -0.050674 0.998715
976053220.880390 -0.562736 0.411925 1.000000 0.000000 0.000000 -0.034323 0.999411
976053224.178090 -0.300354 0.468265 1.000000 0.000000 0.000000 -0.248945 0.968518
976053226.915838 -0.325603 0.526960 1.000000 0.000000 0.000000 -0.744591 0.667521
976053227.970060 -0.358419 0.510293 1.000000 0.000000 0.000000 0.895208 -0.445649
976053229.242021 -0.425297 0.469980 1.000000 0.000000 0.000000 0.983235 -0.182344
976053230.978126 -0.411354 0.367074 1.000000 0.000000 0.000000 0.967170 0.254132
976053232.293926 -0.322923 0.375870 1.000000 0.000000 0.000000 0.861617 0.507559
976053233.481135 -0.319476 0.343122 1.000000 0.000000 0.000000 0.683844 0.729628
976053234.621160 -0.288025 0.356835 1.000000 0.000000 0.000000 0.466607 0.884465
976053237.167380 -0.237896 0.415482 1.000000 0.000000 0.000000 0.094104 0.995562
976053241.702404 0.659720 0.502451 1.000000 0.000000 -0.000000 -0.027671 0.999617
976053244.959281 1.757649 0.529362 1.000000 0.000000 -0.000000 -0.028589 0.999591
976053248.159931 2.661053 0.548595 1.000000 0.000000 -0.000000 -0.017927 0.999839
976053251.799215 3.664448 0.519724 1.000000 0.000000 0.000000 0.020994 0.999780
976053254.520149 4.483148 0.488772 1.000000 0.000000 0.000000 0.032180 0.999482
976053258.340324 5.493605 0.442992 1.000000 0.000000 0.000000 0.003887 0.999992
976053261.595432 6.369960 0.415579 1.000000 0.000000 0.000000 0.019970 0.999801
976053264.941262 7.369942 0.399905 1.000000 0.000000 0.000000 0.031507 0.999504
976053270.341406 8.167106 0.315638 1.000000 0.000000 0.000000 0.202322 0.979319
976053274.989561 8.997197 -0.156594 1.000000 0.000000 0.000000 0.325684 0.945479
976053277.163072 9.502433 -0.570511 1.000000 0.000000 0.000000 0.363901 0.931438
976053280.795192 10.136485 -1.326315 1.000000 0.000000 0.000000 0.451029 0.892509
976053282.903067 10.504035 -1.909327 1.000000 0.000000 0.000000 0.503659 0.863903
976053286.532140 10.822137 -2.569158 1.000000 0.000000 0.000000 0.513107 0.858324
976053287.855412 11.126573 -3.062078 1.000000 0.000000 0.000000 0.512178 0.858879
976053290.832518 11.480721 -3.773713 1.000000 0.000000 0.000000 0.535469 0.844555
976053294.368942 11.896044 -4.699255 1.000000 0.000000 0.000000 0.551377 0.834256
976053296.885448 12.181447 -5.421969 1.000000 0.000000 0.000000 0.564808 0.825222
976053300.492304 12.508062 -6.356988 1.000000 0.000000 0.000000 0.592152 0.805826
976053302.560767 12.655562 -6.925138 1.000000 0.000000 0.000000 0.602057 0.798453
976053306.130230 12.923155 -7.899822 1.000000 0.000000 0.000000 0.632351 0.774682
976053308.962178 13.099583 -8.646928 1.000000 0.000000 0.000000 0.643786 0.765205
976053312.557035 13.177594 -9.626392 1.000000 0.000000 0.000000 0.682548 0.730841
976053316.370055 13.230322 -10.644826 1.000000 0.000000 0.000000 0.708690 0.705520
976053318.727315 13.236645 -11.323072 1.000000 0.000000 0.000000 0.699883 0.714257
976053321.231140 13.203279 -11.964423 1.000000 0.000000 0.000000 0.715791 0.698314
976053325.422780 13.078994 -12.967048 1.000000 0.000000 0.000000 0.759323 0.650714
976053328.275400 12.952536 -13.940801 1.000000 0.000000 0.000000 0.758944 0.651156
976053331.475300 12.850599 -14.673353 1.000000 0.000000 0.000000 0.761566 0.648087
976053334.593313 12.720732 -15.698034 1.000000 0.000000 0.000000 0.746236 0.665682
976053337.948860 12.607324 -16.687892 1.000000 0.000000 0.000000 0.745774 0.666199
976053341.592842 12.449899 -17.674812 1.000000 0.000000 0.000000 0.777656 0.628690
976053345.148935 12.205608 -18.660781 1.000000 0.000000 0.000000 0.776032 0.630693
976053348.657300 12.165515 -18.942752 1.000000 0.000000 0.000000 0.807757 0.589516
976053349.674946 12.126122 -18.924790 1.000000 0.000000 0.000000 0.928618 0.371038
976053353.210124 12.102525 -18.878327 1.000000 0.000000 0.000000 0.990611 0.136714
976053357.203392 11.231537 -18.896885 1.000000 0.000000 0.000000 0.999576 0.029113
976053359.120640 10.809728 -18.906858 1.000000 0.000000 0.000000 0.999966 0.008229
976053362.370617 9.822266 -18.938244 1.000000 0.000000 0.000000 0.999614 0.027785
976053365.970894 8.813870 -19.047422 1.000000 0.000000 0.000000 0.997387 0.072248
976053369.774794 7.838992 -19.148002 1.000000 0.000000 0.000000 0.997833 0.065793
976053373.223445 6.829479 -19.273273 1.000000 0.000000 0.000000 0.993942 0.109907
976053376.738771 5.827889 -19.233379 1.000000 0.000000 0.000000 0.999521 -0.030947
976053380.873219 5.263918 -19.253773 1.000000 0.000000 0.000000 0.999047 0.043637
976053383.725220 5.283094 -19.225953 1.000000 0.000000 0.000000 0.992408 -0.122988
976053386.493959 4.422454 -18.907782 1.000000 0.000000 0.000000 0.992499 -0.122256
976053389.304106 3.621205 -18.703485 1.000000 0.000000 0.000000 0.990683 -0.136186
976053394.154151 2.899408 -18.770164 1.000000 0.000000 0.000000 0.996742 0.080662
976053397.474471 1.941086 -18.945572 1.000000 0.000000 0.000000 0.996491 0.083705
976053401.524871 0.983819 -18.999831 1.000000 0.000000 0.000000 0.999327 -0.036677
976053404.845568 -0.028244 -18.928278 1.000000 0.000000 0.000000 0.999806 0.019681
976053406.724352 -0.586430 -18.935989 1.000000 0.000000 0.000000 0.999960 0.008892
976053410.591340 -1.596398 -18.984557 1.000000 0.000000 0.000000 0.997656 0.068426
976053412.919406 -2.247373 -19.082345 1.000000 0.000000 0.000000 0.999848 0.017458
976053416.434258 -3.269964 -19.067134 1.000000 0.000000 0.000000 0.999925 0.012234
976053419.963813 -3.997943 -19.129906 1.000000 0.000000 0.000000 0.998494 0.054859
976053423.363960 -3.969780 -19.102074 1.000000 0.000000 0.000000 0.991881 -0.127169
976053425.411390 -4.106802 -18.977682 1.000000 0.000000 0.000000 0.942509 -0.334179
976053428.325066 -4.821453 -18.259714 1.000000 0.000000 0.000000 0.931653 -0.363350
976053431.433149 -5.374675 -17.710987 1.000000 0.000000 0.000000 0.922709 -0.385498
976053435.718361 -5.537915 -17.465716 1.000000 0.000000 0.000000 -0.857619 0.514286
976053438.735070 -5.638700 -16.906664 1.000000 0.000000 0.000000 -0.794187 0.607673
976053441.718411 -5.887896 -16.124620 1.000000 0.000000 0.000000 -0.829820 0.558031
976053447.168363 -6.188443 -15.268894 1.000000 0.000000 0.000000 -0.751377 0.659873
976053450.262960 -6.213324 -14.471441 1.000000 0.000000 0.000000 -0.741829 0.670589
976053453.647742 -6.306385 -13.468762 1.000000 0.000000 0.000000 -0.768699 0.639610
976053457.152994 -6.435230 -12.460128 1.000000 0.000000 0.000000 -0.716938 0.697137
976053460.620462 -6.475703 -11.514405 1.000000 0.000000 0.000000 -0.715058 0.699065
976053464.220572 -6.368589 -10.485671 1.000000 0.000000 0.000000 -0.695715 0.718318
976053467.821040 -6.376231 -9.462453 1.000000 0.000000 0.000000 -0.704254 0.709948
976053471.536390 -6.348897 -8.454960 1.000000 0.000000 0.000000 -0.714651 0.699481
976053472.885484 -6.387828 -8.059030 1.000000 0.000000 0.000000 -0.789460 0.613802
976053476.635712 -6.598337 -7.061645 1.000000 0.000000 0.000000 -0.758635 0.651516
976053479.793000 -6.623692 -6.364609 1.000000 0.000000 0.000000 -0.751905 0.659271
976053482.721529 -6.751878 -5.376910 1.000000 0.000000 0.000000 -0.734703 0.678389
976053486.280300 -6.817660 -4.358702 1.000000 0.000000 0.000000 -0.724832 0.688926
976053489.691117 -6.820519 -3.335083 1.000000 0.000000 0.000000 -0.737391 0.675466
976053492.353791 -6.789559 -2.648925 1.000000 0.000000 0.000000 -0.692761 0.721168
976053495.712078 -6.756542 -1.626875 1.000000 0.000000 0.000000 -0.698606 0.715507
976053499.343120 -6.752332 -0.599818 1.000000 0.000000 0.000000 -0.730137 0.683301
976053504.726502 -6.748949 0.171914 1.000000 0.000000 0.000000 -0.627156 0.778894
976053506.945441 -6.688966 0.155766 1.000000 0.000000 0.000000 -0.321762 0.946821
976053508.959990 -6.659336 0.142641 1.000000 0.000000 0.000000 -0.173946 0.984755
976053512.366271 -5.673675 0.232042 1.000000 0.000000 0.000000 -0.067484 0.997720
976053515.660950 -4.884997 0.304176 1.000000 0.000000 0.000000 -0.037465 0.999298
976053518.870123 -3.844162 0.374398 1.000000 0.000000 0.000000 -0.025543 0.999674
976053522.266645 -2.826443 0.327630 1.000000 -0.000000 -0.000000 0.050539 0.998722
976053525.964360 -1.823104 0.193789 1.000000 -0.000000 -0.000000 0.057446 0.998349
976053529.112841 -0.955054 0.110629 1.000000 -0.000000 -0.000000 0.074044 0.997255
976053531.774150 -0.510150 0.074801 1.000000 -0.000000 -0.000000 0.010057 0.999949
976053534.288104 0.432077 0.037612 1.000000 -0.000000 -0.000000 0.041417 0.999142
976053540.208195 1.083319 -0.019180 1.000000 -0.000000 -0.000000 0.043046 0.999073
976053543.646891 2.059344 0.053517 1.000000 0.000000 0.000000 -0.071095 0.997470
976053546.877300 2.727005 0.117009 1.000000 0.000000 0.000000 -0.033483 0.999439
976053549.651559 3.766170 0.128553 1.000000 -0.000000 -0.000000 0.001162 0.999999
976053552.257519 4.419340 0.169591 1.000000 0.000000 0.000000 -0.056305 0.998414
976053556.625959 5.277583 0.262537 1.000000 0.000000 0.000000 -0.230483 0.973076
976053556.996320 5.267788 0.261046 1.000000 0.000000 0.000000 -0.073582 0.997289
976053557.184400 5.255718 0.314527 1.000000 0.000000 0.000000 -0.393419 0.919359
976053558.437199 5.228829 0.334333 1.000000 0.000000 0.000000 -0.614017 0.789293
976053561.829932 5.097539 1.003062 1.000000 0.000000 0.000000 -0.777247 0.629195
976053564.637492 4.977876 1.788836 1.000000 0.000000 0.000000 -0.776696 0.629875
976053567.312069 4.823076 2.453036 1.000000 0.000000 0.000000 -0.790325 0.612688
976053569.707565 4.656114 3.140179 1.000000 0.000000 0.000000 -0.802237 0.597006
976053574.252349 4.384599 3.875661 1.000000 0.000000 0.000000 0.924218 -0.381866
976053575.431465 4.355419 3.814346 1.000000 0.000000 0.000000 0.996382 -0.084983
976053577.832085 4.391015 3.711576 1.000000 0.000000 0.000000 0.901212 0.433378
976053579.114397 4.427583 3.682906 1.000000 0.000000 0.000000 0.753876 0.657016
976053580.373681 4.489396 3.721146 1.000000 0.000000 0.000000 0.541501 0.840700
976053581.634336 4.528109 3.725441 1.000000 0.000000 0.000000 0.305656 0.952142
976053584.213297 4.538030 3.802549 1.000000 0.000000 -0.000000 -0.140718 0.990050
976053586.107615 4.544670 3.760240 1.000000 0.000000 0.000000 0.113710 0.993514
976053587.273756 4.549728 3.734314 1.000000 0.000000 0.000000 0.214414 0.976743
976053589.350874 4.527710 3.681273 1.000000 0.000000 0.000000 0.515079 0.857143
976053593.535030 4.576095 2.907924 1.000000 0.000000 0.000000 0.661643 0.749819
976053596.678590 4.622796 2.134057 1.000000 0.000000 0.000000 0.695659 0.718372
976053599.775878 4.621488 1.122826 1.000000 0.000000 0.000000 0.699651 0.714484
976053604.265441 4.664976 0.413914 1.000000 0.000000 0.000000 0.535357 0.844626
976053605.524791 4.723457 0.467005 1.000000 0.000000 0.000000 0.322447 0.946587
976053607.458517 4.776324 0.511369 1.000000 0.000000 -0.000000 -0.041108 0.999155
976053608.992830 4.746038 0.577894 1.000000 0.000000 -0.000000 -0.284409 0.958703
976053609.440865 4.738567 0.634019 1.000000 0.000000 -0.000000 -0.515374 0.856965
976053610.612107 4.656232 0.617093 1.000000 0.000000 -0.000000 -0.721012 0.692923
976053613.155658 4.609151 0.544535 1.000000 0.000000 0.000000 0.993534 -0.113538
976053614.476057 4.614350 0.497594 1.000000 0.000000 0.000000 0.986988 0.160796
976053615.658445 4.625360 0.455180 1.000000 0.000000 0.000000 0.909442 0.415830
976053618.378590 4.787036 0.445172 1.000000 -0.000000 -0.000000 0.474373 0.880324
976053619.568317 4.790871 0.490456 1.000000 -0.000000 -0.000000 0.210908 0.977506
976053623.798446 5.686270 0.260297 1.000000 -0.000000 -0.000000 0.098781 0.995109
976053626.338114 6.299775 0.115746 1.000000 -0.000000 -0.000000 0.127477 0.991842
976053631.725791 6.950811 -0.091611 1.000000 -0.000000 -0.000000 0.338148 0.941093
976053633.884796 6.908982 -0.169325 1.000000 -0.000000 -0.000000 0.662479 0.749081
976053637.368206 6.972762 -1.143680 1.000000 -0.000000 -0.000000 0.678959 0.734177
976053641.248510 7.054769 -2.252174 1.000000 -0.000000 -0.000000 0.695940 0.718100
976053645.428805 7.015299 -2.362809 1.000000 -0.000000 -0.000000 0.822176 0.569233
976053647.819059 7.001402 -2.280658 1.000000 0.000000 0.000000 0.966843 0.255371
976053649.815190 6.985295 -2.220113 1.000000 0.000000 0.000000 0.999933 0.011609
976053651.460345 6.981330 -2.205753 1.000000 0.000000 0.000000 0.966771 -0.255643
976053653.620393 7.023444 -2.147978 1.000000 0.000000 -0.000000 -0.851306 0.524670
976053655.549169 7.070137 -2.132284 1.000000 0.000000 -0.000000 -0.691248 0.722617
976053657.381903 7.117453 -2.133545 1.000000 0.000000 -0.000000 -0.488626 0.872494
976053659.747776 7.165878 -2.177532 1.000000 0.000000 -0.000000 -0.153098 0.988211
976053662.738996 7.182846 -2.206615 1.000000 0.000000 0.000000 0.007526 0.999972
976053664.948600 7.143051 -2.109020 1.000000 0.000000 -0.000000 -0.507275 0.861784
976053669.584756 7.204732 -1.585343 1.000000 0.000000 -0.000000 -0.690172 0.723645
976053673.521794 7.003927 -1.018444 1.000000 0.000000 -0.000000 -0.659301 0.751879
976053677.117917 7.315399 -0.609438 1.000000 0.000000 -0.000000 -0.455650 0.890159
976053683.167929 7.867337 0.085221 1.000000 0.000000 -0.000000 -0.251719 0.967800
976053685.969718 7.906847 -0.003711 1.000000 0.000000 0.000000 0.184427 0.982846
976053690.542195 8.765541 -0.495119 1.000000 0.000000 0.000000 0.258788 0.965934
976053693.952811 9.624029 -1.032029 1.000000 0.000000 0.000000 0.282893 0.959151
976053696.612752 9.819067 -1.105710 1.000000 0.000000 0.000000 0.077672 0.996979
976053698.743675 9.785975 -1.026483 1.000000 0.000000 -0.000000 -0.370275 0.928922
976053702.547989 10.436943 -0.294124 1.000000 0.000000 -0.000000 -0.426509 0.904483
976053706.398191 11.078522 0.482371 1.000000 0.000000 -0.000000 -0.491307 0.870986
976053708.847090 11.181501 0.655482 1.000000 0.000000 -0.000000 -0.499716 0.866189
976053711.902100 11.077108 0.633337 1.000000 0.000000 0.000000 0.926881 -0.375355
976053712.210347 11.051209 0.558417 1.000000 0.000000 0.000000 0.999305 -0.037268
976053713.290561 11.071876 0.538356 1.000000 0.000000 0.000000 0.977717 0.209926
976053714.759945 11.132381 0.476028 1.000000 0.000000 0.000000 0.892329 0.451385
976053717.317306 11.190793 0.470786 1.000000 -0.000000 -0.000000 0.498386 0.866955
976053721.104490 11.875162 0.093861 1.000000 -0.000000 -0.000000 0.249251 0.968439
976053724.650515 12.712978 -0.403286 1.000000 -0.000000 -0.000000 0.290867 0.956763
976053727.230495 13.003529 -0.591627 1.000000 -0.000000 -0.000000 0.185586 0.982628
976053729.746377 12.870573 -0.506928 1.000000 0.000000 0.000000 -0.073992 0.997259
976053731.159050 12.852268 -0.470248 1.000000 0.000000 0.000000 -0.318587 0.947893
976053732.421992 12.813625 -0.410979 1.000000 0.000000 0.000000 -0.576192 0.817314
976053734.480499 12.700509 -0.409752 1.000000 0.000000 0.000000 0.917548 -0.397625
976053735.864126 12.684462 -0.453752 1.000000 0.000000 0.000000 0.997084 -0.076318
976053736.555000 12.689358 -0.494643 1.000000 0.000000 0.000000 0.998676 -0.051438
976053737.270586 12.832216 -0.501425 1.000000 0.000000 0.000000 0.978875 0.204461
976053745.194343 12.941822 -0.485804 1.000000 0.000000 0.000000 0.935922 0.352208
976053750.160921 12.370506 -1.204197 1.000000 0.000000 0.000000 0.903404 0.428791
976053753.501170 11.776784 -1.709210 1.000000 0.000000 0.000000 0.958096 0.286448
976053756.792520 10.935620 -2.221362 1.000000 0.000000 0.000000 0.966220 0.257718
976053760.260025 10.561173 -2.435554 1.000000 0.000000 0.000000 0.901640 0.432487
976053763.772183 10.742851 -2.595542 1.000000 0.000000 0.000000 0.509565 0.860432
976053767.229823 11.151563 -3.354179 1.000000 0.000000 0.000000 0.545656 0.838009
976053770.723489 11.167429 -3.537797 1.000000 0.000000 0.000000 0.754453 0.656354
976053772.733245 11.159629 -3.536605 1.000000 0.000000 0.000000 0.907349 0.420379
976053776.919415 10.273894 -3.925505 1.000000 0.000000 0.000000 0.971755 0.235990
976053780.424306 9.391648 -4.391504 1.000000 0.000000 0.000000 0.965699 0.259665
976053784.417850 8.793284 -4.717544 1.000000 0.000000 0.000000 0.971234 0.238125
976053788.635166 8.075742 -4.713951 1.000000 0.000000 0.000000 0.999719 0.023696
976053791.841543 8.169311 -4.712559 1.000000 0.000000 0.000000 0.950087 0.311986
976053793.950560 8.193581 -4.729436 1.000000 0.000000 0.000000 0.850944 0.525257
976053796.317039 8.272337 -4.734175 1.000000 0.000000 0.000000 0.381091 0.924537
976053797.789477 8.300609 -4.693009 1.000000 0.000000 0.000000 0.082828 0.996564
976053811.770792 9.228477 -4.661409 1.000000 0.000000 0.000000 0.007747 0.999970
976053817.282279 9.952497 -4.704008 1.000000 0.000000 0.000000 0.079427 0.996841
976053819.522110 9.933884 -4.765535 1.000000 0.000000 0.000000 0.409889 0.912135
976053821.636491 9.932727 -4.794225 1.000000 0.000000 0.000000 0.636950 0.770905
976053822.356904 9.908305 -4.934240 1.000000 0.000000 0.000000 0.707200 0.707014
976053825.762634 9.919467 -5.932358 1.000000 0.000000 0.000000 0.706969 0.707245
976053828.494540 9.918798 -6.607898 1.000000 0.000000 0.000000 0.705765 0.708446
976053833.922440 9.874359 -7.575209 1.000000 0.000000 0.000000 0.832931 0.553376
976053836.732720 9.830607 -7.528944 1.000000 0.000000 0.000000 0.980461 0.196713
976053838.902618 9.832459 -7.467052 1.000000 0.000000 0.000000 0.999127 -0.041771
976053839.281600 9.830024 -7.491339 1.000000 0.000000 0.000000 0.991393 -0.130916
976053842.732790 9.927917 -7.413200 1.000000 0.000000 0.000000 -0.794109 0.607775
976053844.662639 9.975875 -7.395628 1.000000 0.000000 0.000000 -0.616651 0.787236
976053847.774807 10.047938 -7.397106 1.000000 0.000000 0.000000 -0.274789 0.961505
976053849.626840 10.038483 -7.380606 1.000000 0.000000 0.000000 -0.354919 0.934897
976053850.238859 10.002969 -7.363501 1.000000 0.000000 0.000000 -0.599000 0.800749
976053855.251735 10.092569 -6.377397 1.000000 0.000000 0.000000 -0.693676 0.720287
976053858.629447 10.075984 -5.357682 1.000000 0.000000 0.000000 -0.713079 0.701083
976053862.721043 10.131065 -4.976055 1.000000 0.000000 0.000000 -0.577482 0.816403
976053865.367011 10.204280 -5.037773 1.000000 0.000000 0.000000 -0.201202 0.979550
976053869.353496 11.184193 -4.854208 1.000000 0.000000 0.000000 -0.083941 0.996471
976053873.783213 11.995724 -4.790345 1.000000 -0.000000 -0.000000 0.030167 0.999545
976053875.319054 12.001336 -4.851233 1.000000 -0.000000 -0.000000 0.274500 0.961587
976053877.947072 11.940205 -4.878504 1.000000 -0.000000 -0.000000 0.608578 0.793494
976053880.364802 11.994944 -5.453059 1.000000 -0.000000 -0.000000 0.669766 0.742573
976053883.798519 12.006619 -6.398927 1.000000 -0.000000 -0.000000 0.708905 0.705304
976053885.802029 12.023098 -6.456571 1.000000 -0.000000 -0.000000 0.520662 0.853763
976053888.123604 12.185751 -6.371363 1.000000 -0.000000 -0.000000 0.034038 0.999421
976053889.921921 12.756262 -6.391808 1.000000 -0.000000 -0.000000 0.030028 0.999549
976053893.313315 13.745119 -6.513144 1.000000 -0.000000 -0.000000 0.067867 0.997694
976053896.908792 14.713571 -6.691910 1.000000 -0.000000 -0.000000 0.102104 0.994774
976053900.402863 15.732604 -6.973304 1.000000 -0.000000 -0.000000 0.130441 0.991456
976053904.272024 15.808580 -7.033351 1.000000 -0.000000 -0.000000 0.333814 0.942639
976053906.401343 15.793230 -7.082902 1.000000 -0.000000 -0.000000 0.577241 0.816574
976053909.204473 15.681718 -7.086231 1.000000 0.000000 0.000000 0.868629 0.495463
976053911.528541 15.639280 -7.035291 1.000000 0.000000 0.000000 0.969984 0.243169
976053914.214575 15.627744 -6.974515 1.000000 0.000000 0.000000 0.984652 -0.174527
976053916.704295 15.650629 -6.921614 1.000000 0.000000 0.000000 0.907285 -0.420516
976053919.265744 15.757490 -6.917865 1.000000 0.000000 -0.000000 -0.634529 0.772899
976053922.145962 15.741207 -6.917510 1.000000 0.000000 -0.000000 -0.659940 0.751318
976053924.946922 15.632439 -6.966241 1.000000 0.000000 0.000000 0.969420 -0.245408
976053932.749317 14.895860 -6.870118 1.000000 0.000000 0.000000 0.998351 -0.057406
976053936.682613 13.921112 -6.722075 1.000000 0.000000 0.000000 0.998569 -0.053477
976053938.949530 13.529101 -6.673658 1.000000 0.000000 0.000000 0.998901 -0.046871
976053942.304204 12.404078 -6.550145 1.000000 0.000000 0.000000 0.999840 -0.017912
976053944.530492 12.335994 -6.578217 1.000000 0.000000 0.000000 0.976593 0.215095
976053947.234893 12.431613 -6.645163 1.000000 -0.000000 -0.000000 0.688850 0.724904
976053951.587570 12.475299 -7.327054 1.000000 -0.000000 -0.000000 0.705977 0.708234
976053954.547790 12.480301 -8.455286 1.000000 -0.000000 -0.000000 0.679869 0.733333
976053958.128982 12.543902 -9.444580 1.000000 -0.000000 -0.000000 0.658089 0.752940
976053961.915306 12.591668 -10.457943 1.000000 -0.000000 -0.000000 0.713707 0.700445
976053964.921380 12.548785 -11.045912 1.000000 -0.000000 -0.000000 0.732045 0.681256
976053968.519900 12.813584 -12.104221 1.000000 -0.000000 -0.000000 0.621949 0.783058
976053971.389943 12.964010 -13.086181 1.000000 -0.000000 -0.000000 0.660930 0.750448
976053975.119965 13.064495 -13.375885 1.000000 -0.000000 -0.000000 0.321631 0.946865
976053976.502105 13.085717 -13.322524 1.000000 -0.000000 -0.000000 0.070315 0.997525
976053980.190578 14.130564 -13.335576 1.000000 -0.000000 -0.000000 0.054364 0.998521
976053982.191461 14.678191 -13.428409 1.000000 -0.000000 -0.000000 0.096216 0.995361
976053985.197051 15.481064 -13.587119 1.000000 -0.000000 -0.000000 0.097760 0.995210
976053988.328263 16.152588 -13.767723 1.000000 -0.000000 -0.000000 0.137602 0.990488
976053990.643999 16.128718 -13.659196 1.000000 0.000000 0.000000 -0.265820 0.964023
976053991.999146 16.078097 -13.631342 1.000000 0.000000 0.000000 -0.602625 0.798024
976053993.245478 16.043687 -13.630157 1.000000 0.000000 0.000000 -0.785120 0.619343
976053994.415733 15.972005 -13.659478 1.000000 0.000000 0.000000 0.917888 -0.396840
976053997.602100 15.902218 -13.723348 1.000000 0.000000 0.000000 0.996528 -0.083263
976054000.250300 15.159440 -13.513502 1.000000 0.000000 0.000000 0.995252 -0.097333
976054003.333810 14.208839 -13.410612 1.000000 0.000000 0.000000 0.999422 -0.034002
976054007.164198 13.216082 -13.361937 1.000000 0.000000 0.000000 0.999656 -0.026212
976054010.799551 12.749150 -13.346423 1.000000 0.000000 0.000000 0.977444 0.211196
976054012.220440 12.781532 -13.369445 1.000000 0.000000 0.000000 0.886305 0.463102
976054014.966063 12.835713 -13.835447 1.000000 0.000000 0.000000 0.706445 0.707768
976054018.822538 12.816070 -14.834371 1.000000 0.000000 0.000000 0.725060 0.688685
976054021.995572 12.767665 -15.825090 1.000000 0.000000 0.000000 0.732273 0.681011
976054025.771525 12.658922 -16.777270 1.000000 0.000000 0.000000 0.757768 0.652524
976054029.257508 12.472217 -17.751899 1.000000 0.000000 0.000000 0.780539 0.625107
976054032.597450 12.281986 -18.489965 1.000000 0.000000 0.000000 0.791448 0.611236
976054037.310793 12.079570 -19.311998 1.000000 0.000000 0.000000 0.673686 0.739018
976054038.317275 12.121369 -19.287759 1.000000 0.000000 0.000000 0.468412 0.883510
976054041.783067 12.152002 -19.247128 1.000000 0.000000 0.000000 0.084097 0.996458
976054047.128013 13.071394 -19.303860 1.000000 0.000000 0.000000 0.062192 0.998064
976054050.573840 13.849844 -19.448215 1.000000 0.000000 0.000000 0.072850 0.997343
976054053.770141 14.852805 -19.703425 1.000000 0.000000 0.000000 0.140787 0.990040
976054057.236881 15.858547 -19.822640 1.000000 0.000000 0.000000 0.016673 0.999861
976054061.706578 16.247890 -19.822267 1.000000 0.000000 -0.000000 -0.122173 0.992509
976054065.175919 16.081533 -19.736957 1.000000 0.000000 -0.000000 -0.764906 0.644142
976054066.462826 16.081821 -19.791381 1.000000 0.000000 0.000000 0.907726 -0.419564
976054067.671023 16.051978 -19.880896 1.000000 0.000000 0.000000 0.990125 -0.140185
976054070.832853 16.132267 -19.979871 1.000000 -0.000000 -0.000000 0.858572 0.512693
976054072.124071 16.172947 -20.013215 1.000000 -0.000000 -0.000000 0.670155 0.742221
976054074.417268 16.182379 -19.999524 1.000000 -0.000000 -0.000000 0.646213 0.763157
976054077.525626 16.109639 -20.000811 1.000000 0.000000 0.000000 0.902470 0.430753
976054079.285083 16.069557 -19.961753 1.000000 0.000000 0.000000 0.982460 0.186474
976054080.810430 16.054762 -19.938190 1.000000 0.000000 0.000000 0.997845 0.065614
976054085.297077 14.990786 -19.527217 1.000000 0.000000 0.000000 0.989528 -0.144341
976054088.137225 14.234208 -19.335135 1.000000 0.000000 0.000000 0.998471 -0.055272
976054092.360145 13.123678 -19.168904 1.000000 0.000000 0.000000 0.998829 -0.048375
976054094.447647 12.989669 -19.111863 1.000000 0.000000 0.000000 0.989288 -0.145974
976054097.878720 13.011956 -19.056430 1.000000 0.000000 0.000000 0.891313 -0.453389
976054099.143204 12.970928 -19.104849 1.000000 0.000000 0.000000 0.980439 -0.196824
976054100.358758 12.965474 -19.145461 1.000000 0.000000 0.000000 0.997284 0.073656
976054104.575978 11.943042 -19.125518 1.000000 0.000000 0.000000 0.999977 -0.006718
976054108.997902 10.991162 -19.141916 1.000000 0.000000 0.000000 0.990344 0.138630
976054112.833241 11.094618 -19.177110 1.000000 -0.000000 -0.000000 0.699129 0.714995
976054115.110875 11.117334 -19.912854 1.000000 -0.000000 -0.000000 0.685810 0.727780
976054118.869356 11.145464 -20.948412 1.000000 -0.000000 -0.000000 0.693828 0.720141
976054121.787368 11.147753 -21.118974 1.000000 -0.000000 -0.000000 0.793047 0.609161
976054125.386406 11.136567 -21.395443 1.000000 -0.000000 -0.000000 0.628417 0.777876
976054126.488737 11.233536 -21.362927 1.000000 -0.000000 -0.000000 0.420232 0.907417
976054127.889092 11.249974 -21.341505 1.000000 -0.000000 -0.000000 0.162386 0.986727
976054130.862910 11.254008 -21.250704 1.000000 0.000000 0.000000 -0.331117 0.943590
976054131.973609 11.169791 -21.226378 1.000000 0.000000 0.000000 -0.656249 0.754544
976054133.711593 11.104700 -21.230655 1.000000 0.000000 0.000000 -0.864037 0.503428
976054137.886779 10.930056 -20.688227 1.000000 0.000000 0.000000 -0.825978 0.563702
976054141.488334 10.510287 -19.748329 1.000000 0.000000 0.000000 -0.849708 0.527254
976054145.653876 10.036699 -18.820298 1.000000 0.000000 0.000000 0.871176 -0.490971
976054147.946598 9.927601 -18.692009 1.000000 0.000000 0.000000 0.961180 -0.275924
976054152.136522 9.067078 -18.647250 1.000000 0.000000 0.000000 0.999643 -0.026716
976054155.605300 8.357656 -18.679536 1.000000 0.000000 0.000000 0.999120 0.041946
976054159.637593 7.044827 -18.782619 1.000000 0.000000 0.000000 0.996934 0.078242
976054163.398056 6.052603 -18.948187 1.000000 0.000000 0.000000 0.993267 0.115845
976054166.629325 5.089299 -19.172455 1.000000 0.000000 0.000000 0.995037 0.099506
976054168.694160 4.923129 -19.184686 1.000000 0.000000 0.000000 0.993485 0.113966
976054172.128860 4.930330 -19.536857 1.000000 0.000000 0.000000 0.738294 0.674479
976054173.588035 4.950900 -19.998058 1.000000 0.000000 0.000000 0.692949 0.720987
976054175.529382 4.990639 -20.484908 1.000000 0.000000 0.000000 0.703277 0.710916
976054178.778867 4.962663 -21.475094 1.000000 0.000000 0.000000 0.728153 0.685415
976054182.215270 4.915309 -21.886066 1.000000 0.000000 0.000000 0.707730 0.706483
976054185.187502 5.086683 -21.841956 1.000000 0.000000 0.000000 0.058193 0.998305
976054186.379403 5.080828 -21.787486 1.000000 0.000000 -0.000000 -0.208352 0.978054
976054187.579461 5.051940 -21.741859 1.000000 0.000000 -0.000000 -0.463549 0.886072
976054191.122500 4.849919 -21.281178 1.000000 0.000000 -0.000000 -0.798661 0.601781
976054193.847152 4.782715 -20.515144 1.000000 0.000000 -0.000000 -0.758548 0.651617
976054197.149201 4.615895 -19.527608 1.000000 0.000000 -0.000000 -0.748676 0.662937
976054202.883260 4.486226 -18.753222 1.000000 0.000000 -0.000000 -0.864934 0.501885
976054206.125400 4.141889 -18.791404 1.000000 0.000000 0.000000 0.997509 -0.070535
976054211.419405 3.355669 -18.724061 1.000000 0.000000 0.000000 0.994597 0.103808
976054215.217250 3.533070 -18.892526 1.000000 -0.000000 -0.000000 0.666066 0.745893
976054218.439995 3.565319 -19.915005 1.000000 -0.000000 -0.000000 0.732113 0.681183
976054221.700000 3.483625 -20.565542 1.000000 -0.000000 -0.000000 0.775493 0.631357
976054224.694130 3.291385 -21.495152 1.000000 -0.000000 -0.000000 0.764741 0.644338
976054229.154000 3.233207 -21.855097 1.000000 -0.000000 -0.000000 0.798237 0.602343
976054232.588718 3.326964 -21.541743 1.000000 0.000000 0.000000 0.889585 0.456771
976054235.458059 3.275379 -21.411529 1.000000 0.000000 0.000000 0.998699 0.050993
976054237.326566 3.285484 -21.427872 1.000000 0.000000 0.000000 0.975504 -0.219981
976054238.656047 3.300022 -21.427494 1.000000 0.000000 0.000000 0.913933 -0.405864
976054241.680485 3.372759 -21.112529 1.000000 0.000000 -0.000000 -0.708207 0.706005
976054245.350557 3.460194 -20.154439 1.000000 0.000000 -0.000000 -0.683743 0.729723
976054249.190284 3.417748 -19.052500 1.000000 0.000000 -0.000000 -0.728010 0.685566
976054252.130362 3.374226 -18.692052 1.000000 0.000000 -0.000000 -0.851699 0.524031
976054255.478653 3.179824 -18.818602 1.000000 0.000000 0.000000 0.996717 0.080961
976054258.969430 2.613460 -18.902210 1.000000 0.000000 0.000000 0.995918 0.090263
976054262.388397 1.314564 -18.991326 1.000000 0.000000 0.000000 0.999902 0.013992
976054266.279466 0.405550 -18.932428 1.000000 0.000000 0.000000 0.998728 -0.050420
976054269.900594 -0.562766 -18.873825 1.000000 0.000000 0.000000 0.999501 -0.031586
976054273.440648 -1.554681 -18.781490 1.000000 0.000000 0.000000 0.998779 -0.049394
976054278.351158 -2.431587 -18.721930 1.000000 0.000000 0.000000 0.994568 0.104093
976054279.531177 -2.433684 -18.735734 1.000000 0.000000 0.000000 0.930973 0.365087
976054282.696559 -2.369101 -19.286461 1.000000 -0.000000 -0.000000 0.695234 0.718784
976054284.610320 -2.273419 -19.642317 1.000000 -0.000000 -0.000000 0.629117 0.777311
976054288.301719 -1.772867 -20.681867 1.000000 -0.000000 -0.000000 0.452054 0.891990
976054290.755607 -1.538114 -21.289548 1.000000 -0.000000 -0.000000 0.650488 0.759517
976054294.126998 -1.492535 -21.967812 1.000000 -0.000000 -0.000000 0.478971 0.877831
976054295.302632 -1.463581 -21.933182 1.000000 -0.000000 -0.000000 0.238884 0.971048
976054296.312587 -1.461238 -21.868270 1.000000 -0.000000 -0.000000 0.020813 0.999783
976054299.886255 -1.574443 -21.742408 1.000000 0.000000 0.000000 -0.749328 0.662199
976054303.773083 -1.772308 -20.809765 1.000000 0.000000 0.000000 -0.768951 0.639307
976054307.111591 -2.062685 -19.911256 1.000000 0.000000 0.000000 -0.846051 0.533102
976054309.838980 -2.311923 -19.360159 1.000000 0.000000 0.000000 -0.848224 0.529638
976054313.979091 -2.590293 -18.848676 1.000000 0.000000 0.000000 0.942224 -0.334983
976054315.351456 -2.549217 -18.887475 1.000000 0.000000 0.000000 0.997898 -0.064807
976054318.886742 -3.546801 -18.997902 1.000000 0.000000 0.000000 0.996895 0.078743
976054322.796050 -3.965760 -19.120684 1.000000 0.000000 0.000000 0.952053 0.305932
976054326.372963 -3.903235 -19.480862 1.000000 0.000000 0.000000 0.688031 0.725682
976054329.382228 -3.851943 -20.406866 1.000000 0.000000 0.000000 0.685029 0.728516
976054332.880238 -3.766104 -21.359439 1.000000 0.000000 0.000000 0.676642 0.736312
976054336.622351 -3.743113 -22.348833 1.000000 0.000000 0.000000 0.682130 0.731231
976054343.417600 -3.696875 -21.580304 1.000000 0.000000 0.000000 0.832222 0.554443
976054346.666683 -3.742278 -21.495504 1.000000 0.000000 0.000000 0.998168 0.060510
976054348.552573 -3.728606 -21.453263 1.000000 0.000000 0.000000 0.983008 -0.183563
976054352.132462 -3.646257 -21.420546 1.000000 0.000000 0.000000 -0.761628 0.648015
976054355.722697 -3.730753 -20.443075 1.000000 0.000000 0.000000 -0.791303 0.611425
976054360.161285 -4.128488 -19.569754 1.000000 0.000000 0.000000 -0.851517 0.524326
976054364.486830 -4.504746 -18.931104 1.000000 0.000000 0.000000 0.941769 -0.336260
976054367.457056 -4.736765 -19.174539 1.000000 0.000000 0.000000 0.957124 0.289679
976054370.928610 -5.168780 -19.374830 1.000000 0.000000 0.000000 0.976037 0.217606
976054373.872640 -6.198686 -19.800831 1.000000 0.000000 0.000000 0.982773 0.184817
976054376.997420 -6.690400 -19.983776 1.000000 0.000000 0.000000 0.977114 0.212717
976054380.269502 -7.788470 -20.544966 1.000000 0.000000 0.000000 0.972791 0.231685
976054382.832806 -7.764515 -20.574986 1.000000 0.000000 0.000000 0.895368 0.445328
976054386.844186 -7.609646 -20.519858 1.000000 0.000000 0.000000 0.284195 0.958766
976054388.500342 -7.599962 -20.467718 1.000000 0.000000 0.000000 0.021105 0.999777
976054391.391029 -7.663010 -20.360849 1.000000 0.000000 -0.000000 -0.601928 0.798550
976054394.233714 -7.648539 -20.362526 1.000000 0.000000 -0.000000 -0.566409 0.824124
976054398.310695 -6.978247 -19.941486 1.000000 0.000000 -0.000000 -0.319626 0.947544
976054400.715080 -6.549518 -19.583158 1.000000 0.000000 -0.000000 -0.365789 0.930698
976054404.783580 -5.543605 -18.621695 1.000000 0.000000 -0.000000 -0.343214 0.939257
976054408.529171 -4.804584 -17.991880 1.000000 0.000000 -0.000000 -0.384615 0.923077
976054412.156767 -4.039962 -17.240629 1.000000 0.000000 -0.000000 -0.387755 0.921762
976054415.253596 -3.698086 -17.016979 1.000000 0.000000 -0.000000 -0.137557 0.990494
976054418.887148 -3.751577 -17.069731 1.000000 0.000000 0.000000 0.369211 0.929346
976054421.483679 -3.799776 -17.068706 1.000000 0.000000 0.000000 0.562478 0.826812
976054425.169246 -3.877128 -17.057493 1.000000 0.000000 0.000000 0.875921 0.482454
976054426.683803 -3.910328 -17.023628 1.000000 0.000000 0.000000 0.953169 0.302437
976054430.822155 -4.806144 -17.118442 1.000000 0.000000 0.000000 0.999959 0.009083
976054434.530339 -5.753238 -17.176552 1.000000 0.000000 0.000000 0.998079 0.061960
976054437.875211 -6.736953 -17.183680 1.000000 0.000000 0.000000 0.998987 0.045009
976054440.355524 -7.448861 -17.139913 1.000000 0.000000 0.000000 0.999181 -0.040471
976054444.443595 -8.423563 -17.097199 1.000000 0.000000 0.000000 0.999962 0.008706
976054446.565029 -9.069451 -17.112434 1.000000 0.000000 0.000000 0.999017 0.044324
976054450.316174 -9.286672 -17.204177 1.000000 0.000000 0.000000 0.965916 0.258855
976054451.382205 -9.268759 -17.193027 1.000000 0.000000 0.000000 0.835636 0.549284
976054452.554972 -9.187879 -17.228389 1.000000 0.000000 0.000000 0.655919 0.754832
976054455.697463 -9.104476 -17.150614 1.000000 0.000000 0.000000 0.109470 0.993990
976054460.290787 -8.158012 -16.955659 1.000000 0.000000 -0.000000 -0.091293 0.995824
976054464.178048 -6.982021 -16.735368 1.000000 0.000000 -0.000000 -0.119963 0.992778
976054466.972500 -6.551046 -16.614747 1.000000 0.000000 -0.000000 -0.140789 0.990040
976054471.178838 -5.683582 -16.325170 1.000000 0.000000 -0.000000 -0.424342 0.905502
976054471.978985 -5.710674 -16.340164 1.000000 0.000000 -0.000000 -0.572806 0.819691
976054476.832223 -5.931745 -15.388929 1.000000 0.000000 -0.000000 -0.772999 0.634408
976054479.537744 -6.005348 -15.250859 1.000000 0.000000 0.000000 0.897398 -0.441222
976054483.275934 -6.426915 -15.306377 1.000000 0.000000 0.000000 0.999982 0.006068
976054486.560811 -7.368287 -15.176092 1.000000 0.000000 0.000000 0.999858 0.016871
976054490.889075 -7.641158 -15.183485 1.000000 0.000000 0.000000 0.968641 -0.248466
976054492.561104 -7.599486 -15.142223 1.000000 0.000000 0.000000 0.875007 -0.484110
976054495.655381 -7.546570 -15.119078 1.000000 0.000000 -0.000000 -0.616616 0.787264
976054497.561752 -7.488634 -15.135676 1.000000 0.000000 -0.000000 -0.401387 0.915909
976054501.451313 -6.996705 -15.154028 1.000000 0.000000 0.000000 0.002100 0.999998
976054504.590190 -6.293141 -15.142244 1.000000 0.000000 0.000000 0.022315 0.999751
976054507.920939 -5.738497 -15.161937 1.000000 0.000000 -0.000000 -0.225214 0.974309
976054509.443414 -5.783585 -15.091499 1.000000 0.000000 -0.000000 -0.505946 0.862565
976054510.638582 -5.834519 -15.090081 1.000000 0.000000 -0.000000 -0.711206 0.702984
976054514.475764 -6.039805 -14.132515 1.000000 0.000000 -0.000000 -0.771279 0.636497
976054516.743629 -6.163921 -13.507762 1.000000 0.000000 -0.000000 -0.794099 0.607788
976054521.255597 -6.291682 -12.391804 1.000000 0.000000 -0.000000 -0.779042 0.626972
976054524.479604 -6.318244 -11.427396 1.000000 0.000000 -0.000000 -0.739486 0.673172
976054528.384631 -6.459915 -10.424832 1.000000 0.000000 -0.000000 -0.748282 0.663381
976054533.601300 -6.601314 -9.492939 1.000000 0.000000 -0.000000 -0.802197 0.597059
976054536.798626 -6.908529 -9.669198 1.000000 0.000000 0.000000 0.997340 0.072896
976054541.838690 -7.621145 -9.805732 1.000000 0.000000 0.000000 0.973647 0.228060
976054544.517100 -7.472812 -9.847455 1.000000 -0.000000 -0.000000 0.673537 0.739153
976054546.836550 -7.460324 -9.816638 1.000000 -0.000000 -0.000000 0.444938 0.895561
976054547.610107 -7.427388 -9.748225 1.000000 -0.000000 -0.000000 0.020683 0.999786
976054552.589121 -6.538152 -9.295258 1.000000 0.000000 0.000000 -0.146149 0.989263
976054554.913276 -6.237132 -9.251983 1.000000 0.000000 0.000000 -0.291883 0.956454
976054558.486097 -6.338766 -8.855782 1.000000 0.000000 0.000000 -0.751155 0.660125
976054562.329382 -6.473166 -8.041739 1.000000 0.000000 0.000000 -0.782529 0.622614
976054566.208698 -6.713022 -8.141267 1.000000 0.000000 0.000000 0.999319 0.036895
976054569.566666 -7.719049 -8.209966 1.000000 0.000000 0.000000 0.997802 0.066265
976054573.196848 -8.729287 -8.311104 1.000000 0.000000 0.000000 0.999666 0.025854
976054576.549004 -8.796849 -8.268391 1.000000 0.000000 0.000000 0.974785 -0.223148
976054580.121766 -9.034772 -7.796974 1.000000 0.000000 0.000000 0.878655 -0.477457
976054584.983600 -9.321274 -7.304660 1.000000 0.000000 0.000000 -0.845762 0.533560
976054589.110988 -9.211912 -7.302815 1.000000 0.000000 0.000000 -0.351110 0.936334
976054591.159806 -9.184121 -7.356014 1.000000 0.000000 0.000000 -0.095137 0.995464
976054594.559632 -9.170650 -7.407242 1.000000 -0.000000 -0.000000 0.285298 0.958439
976054598.137415 -8.416095 -7.949304 1.000000 -0.000000 -0.000000 0.270389 0.962751
976054602.237912 -7.718943 -8.043560 1.000000 0.000000 0.000000 -0.078398 0.996922
976054605.154150 -6.922510 -7.970405 1.000000 0.000000 0.000000 -0.111557 0.993758
976054609.168808 -6.879414 -7.917599 1.000000 0.000000 0.000000 -0.529362 0.848396
976054613.992808 -6.832139 -6.907827 1.000000 0.000000 0.000000 -0.711878 0.702303
976054617.950694 -6.855516 -5.826161 1.000000 0.000000 0.000000 -0.745690 0.666293
976054621.496812 -7.020649 -4.851640 1.000000 0.000000 0.000000 -0.790833 0.612031
976054624.995521 -7.157406 -3.901334 1.000000 0.000000 0.000000 -0.745772 0.666201
976054628.717920 -7.300575 -2.912469 1.000000 0.000000 0.000000 -0.783283 0.621665
976054631.976040 -7.502229 -2.218830 1.000000 0.000000 0.000000 -0.796001 0.605296
976054634.258176 -7.592951 -1.999365 1.000000 0.000000 0.000000 0.971237 -0.238113
976054638.976699 -8.546316 -2.119799 1.000000 0.000000 0.000000 0.999207 -0.039813
976054641.223985 -9.214653 -2.079468 1.000000 0.000000 0.000000 0.999614 -0.027773
976054644.633238 -9.248872 -2.189544 1.000000 0.000000 0.000000 0.893057 0.449943
976054645.778241 -9.217163 -2.214804 1.000000 0.000000 0.000000 0.743209 0.669060
976054647.447666 -9.161834 -2.196634 1.000000 0.000000 0.000000 0.552938 0.833222
976054650.796973 -9.115340 -2.077731 1.000000 0.000000 -0.000000 -0.190938 0.981602
976054651.938419 -9.146081 -2.029600 1.000000 0.000000 -0.000000 -0.495000 0.868893
976054654.676636 -9.119013 -2.060094 1.000000 0.000000 -0.000000 -0.274159 0.961684
976054658.810718 -8.524487 -2.160619 1.000000 0.000000 0.000000 0.037905 0.999281
976054662.398462 -7.493347 -2.222689 1.000000 0.000000 0.000000 0.048100 0.998843
976054667.295349 -7.220165 -2.224357 1.000000 0.000000 -0.000000 -0.447980 0.894044
976054667.773195 -7.244911 -2.206113 1.000000 0.000000 -0.000000 -0.662215 0.749314
976054672.457426 -7.182100 -0.959575 1.000000 0.000000 -0.000000 -0.670483 0.741925
976054676.208392 -7.202130 0.038091 1.000000 0.000000 -0.000000 -0.723723 0.690091
976054680.159316 -7.268179 1.210169 1.000000 0.000000 -0.000000 -0.732110 0.681186
976054683.758798 -7.287616 2.224538 1.000000 0.000000 -0.000000 -0.714891 0.699236
976054688.360248 -7.277325 3.262482 1.000000 0.000000 -0.000000 -0.705004 0.709204
976054691.621176 -7.283728 3.511972 1.000000 0.000000 -0.000000 -0.850621 0.525779
976054695.748600 -7.336498 3.296953 1.000000 0.000000 0.000000 0.977773 0.209668
976054696.381061 -7.333368 3.241715 1.000000 -0.000000 -0.000000 0.794215 0.607637
976054698.390038 -7.259741 3.226204 1.000000 -0.000000 -0.000000 0.587678 0.809095
976054701.947283 -7.186017 3.369515 1.000000 0.000000 0.000000 -0.034368 0.999409
976054703.894947 -7.180508 3.329951 1.000000 -0.000000 -0.000000 0.191195 0.981552
976054707.446891 -7.215517 3.189502 1.000000 -0.000000 -0.000000 0.588940 0.808177
976054711.795380 -7.233563 2.524190 1.000000 -0.000000 -0.000000 0.700407 0.713743
976054715.279102 -7.188672 1.491676 1.000000 -0.000000 -0.000000 0.707649 0.706565
976054718.909434 -7.185591 0.476700 1.000000 -0.000000 -0.000000 0.718991 0.695019
976054722.499625 -7.143770 -0.096028 1.000000 -0.000000 -0.000000 0.543453 0.839440
976054723.764201 -7.123027 -0.083344 1.000000 -0.000000 -0.000000 0.278685 0.960382
976054725.349673 -7.102062 -0.058351 1.000000 0.000000 0.000000 -0.023776 0.999717
976054730.323537 -5.940046 0.082992 1.000000 0.000000 0.000000 -0.009068 0.999959
976054732.989600 -5.288763 0.094235 1.000000 0.000000 0.000000 -0.032727 0.999464
976054737.247120 -3.866856 0.096176 1.000000 0.000000 0.000000 -0.020955 0.999780
976054740.261041 -3.077665 0.019077 1.000000 -0.000000 -0.000000 0.004642 0.999989
976054743.922141 -1.987510 0.005736 1.000000 -0.000000 -0.000000 0.034221 0.999414
976054747.426019 -1.328537 0.006811 1.000000 0.000000 0.000000 -0.171768 0.985137
976054751.233955 -1.452017 0.260800 1.000000 0.000000 0.000000 -0.756537 0.653951
976054754.742972 -1.499520 1.290141 1.000000 0.000000 0.000000 -0.719178 0.694826
976054758.216642 -1.552195 2.295556 1.000000 0.000000 0.000000 -0.734294 0.678831
976054761.358290 -1.543731 2.897277 1.000000 0.000000 0.000000 -0.731629 0.681703
976054764.408203 -1.687282 3.301397 1.000000 0.000000 0.000000 0.910804 -0.412840
976054765.692528 -1.708123 3.251369 1.000000 0.000000 0.000000 0.991025 -0.133676
976054767.570520 -1.687467 3.212770 1.000000 0.000000 0.000000 0.991755 0.128152
976054771.245119 -1.507429 3.139776 1.000000 0.000000 0.000000 0.458702 0.888590
976054772.462992 -1.475743 3.168811 1.000000 0.000000 0.000000 0.199028 0.979994
976054773.718564 -1.459335 3.219909 1.000000 0.000000 -0.000000 -0.025785 0.999668
976054778.401017 -1.468004 3.156644 1.000000 0.000000 0.000000 0.307880 0.951425
976054779.610560 -1.499290 3.091912 1.000000 0.000000 0.000000 0.533963 0.845508
976054783.808521 -1.575234 2.409362 1.000000 0.000000 0.000000 0.739720 0.672915
976054787.896163 -1.583700 1.751021 1.000000 0.000000 0.000000 0.578913 0.815390
976054790.920769 -1.325653 0.847035 1.000000 0.000000 0.000000 0.628077 0.778151
976054796.830597 -1.360721 -0.002658 1.000000 0.000000 0.000000 0.758700 0.651441
976054803.218427 -1.468818 -0.770203 1.000000 0.000000 0.000000 0.668402 0.743800
976054807.245179 -1.365978 -0.605068 1.000000 0.000000 -0.000000 -0.345613 0.938377
976054808.431081 -1.444664 -0.564171 1.000000 0.000000 -0.000000 -0.609863 0.792507
976054812.571180 -1.650144 -0.588141 1.000000 0.000000 0.000000 0.989498 -0.144548
976054815.713630 -2.341422 -0.364376 1.000000 0.000000 0.000000 0.984291 -0.176554
976054819.519490 -3.454617 0.211077 1.000000 0.000000 0.000000 0.989981 -0.141199
976054822.813575 -4.387422 0.201860 1.000000 0.000000 0.000000 0.996998 0.077428
976054827.427181 -4.739335 0.011462 1.000000 0.000000 0.000000 0.867960 0.496634
976054830.369190 -5.104227 -0.652091 1.000000 -0.000000 -0.000000 0.856102 0.516808
976054834.162400 -5.576657 -1.530517 1.000000 0.000000 0.000000 0.867765 0.496976
976054837.685854 -6.115743 -2.360384 1.000000 0.000000 0.000000 0.883123 0.469142
976054841.423091 -6.669257 -3.187201 1.000000 0.000000 0.000000 0.879926 0.475110
976054843.975732 -6.675415 -3.266948 1.000000 -0.000000 -0.000000 0.755792 0.654811
976054847.969747 -6.504855 -4.179973 1.000000 -0.000000 -0.000000 0.634029 0.773309
976054851.162219 -6.311639 -5.057460 1.000000 -0.000000 -0.000000 0.631466 0.775403
976054854.715689 -6.087300 -6.040286 1.000000 -0.000000 -0.000000 0.623714 0.781653
976054859.973630 -6.176301 -6.765641 1.000000 -0.000000 -0.000000 0.742217 0.670160
976054864.695510 -6.258705 -8.128509 1.000000 -0.000000 -0.000000 0.732023 0.681280
976054866.742025 -6.303180 -8.939126 1.000000 -0.000000 -0.000000 0.743745 0.668464
976054871.669157 -6.142370 -9.706284 1.000000 -0.000000 -0.000000 0.580356 0.814363
976054875.728714 -6.047097 -10.641345 1.000000 -0.000000 -0.000000 0.681052 0.732235
976054879.320162 -6.025489 -11.657040 1.000000 -0.000000 -0.000000 0.700951 0.713210
976054882.742598 -6.051935 -12.656552 1.000000 -0.000000 -0.000000 0.727711 0.685884
976054887.723935 -6.165022 -13.821790 1.000000 -0.000000 -0.000000 0.752640 0.658432
976054889.232679 -6.148366 -13.940379 1.000000 -0.000000 -0.000000 0.594560 0.804051
976054893.162934 -5.770893 -14.782451 1.000000 -0.000000 -0.000000 0.550009 0.835159
976054896.957464 -5.381709 -15.715069 1.000000 -0.000000 -0.000000 0.558128 0.829755
976054900.348594 -5.003724 -16.631721 1.000000 -0.000000 -0.000000 0.583900 0.811826
976054904.170777 -4.791039 -17.597902 1.000000 -0.000000 -0.000000 0.625092 0.780551
976054908.157254 -4.572004 -18.766536 1.000000 -0.000000 -0.000000 0.664769 0.747049
976054911.273964 -4.510951 -18.971021 1.000000 -0.000000 -0.000000 0.455818 0.890073
976054915.153473 -4.107324 -18.809288 1.000000 0.000000 0.000000 -0.105519 0.994417
976054917.748687 -3.566119 -18.741085 1.000000 0.000000 0.000000 -0.009794 0.999952
976054921.568385 -2.318105 -18.720908 1.000000 -0.000000 -0.000000 0.008853 0.999961
976054925.398551 -1.356611 -18.809578 1.000000 -0.000000 -0.000000 0.035854 0.999357
976054929.190537 -0.282442 -18.884083 1.000000 0.000000 0.000000 -0.025199 0.999682
976054932.753805 0.740082 -18.907479 1.000000 -0.000000 -0.000000 0.026421 0.999651
976054938.925766 1.694370 -18.724437 1.000000 0.000000 0.000000 -0.148509 0.988911
976054943.447580 2.842987 -18.530121 1.000000 0.000000 0.000000 -0.073361 0.997305
976054947.167871 4.114845 -18.723505 1.000000 -0.000000 -0.000000 0.082190 0.996617
976054951.420700 5.176621 -18.659683 1.000000 0.000000 0.000000 -0.062696 0.998033
976054954.888999 6.246138 -18.627356 1.000000 -0.000000 -0.000000 0.015688 0.999877
976054958.747974 7.278486 -18.693328 1.000000 -0.000000 -0.000000 0.055081 0.998482
976054962.513976 8.264379 -18.851692 1.000000 -0.000000 -0.000000 0.088007 0.996120
976054966.689705 9.544992 -19.077386 1.000000 -0.000000 -0.000000 0.087901 0.996129
976054970.224436 10.577135 -19.179919 1.000000 -0.000000 -0.000000 0.040697 0.999172
976054974.194548 11.695149 -19.121819 1.000000 0.000000 0.000000 -0.008902 0.999960
976054979.721052 12.686880 -19.109180 1.000000 0.000000 0.000000 -0.165393 0.986228
976054983.618038 12.595335 -18.996946 1.000000 0.000000 0.000000 -0.771624 0.636079
976054990.645830 12.509037 -18.425819 1.000000 0.000000 0.000000 -0.772534 0.634974
976054994.248430 12.505082 -17.323215 1.000000 0.000000 0.000000 -0.676341 0.736588
976054997.549620 12.571311 -16.466140 1.000000 0.000000 0.000000 -0.696430 0.717625
976055001.197402 12.623612 -15.345215 1.000000 0.000000 0.000000 -0.694513 0.719480
976055004.665014 12.658680 -14.296570 1.000000 0.000000 0.000000 -0.711175 0.703015
976055008.275900 12.687378 -13.414830 1.000000 0.000000 0.000000 -0.718831 0.695185
976055011.661495 12.678785 -12.371461 1.000000 0.000000 0.000000 -0.736464 0.676477
976055014.951455 12.614727 -11.437206 1.000000 0.000000 0.000000 -0.738001 0.674800
976055018.676059 12.511711 -10.405749 1.000000 0.000000 0.000000 -0.756833 0.653609
976055022.642142 12.340679 -9.341931 1.000000 0.000000 0.000000 -0.770649 0.637259
976055026.165267 12.176320 -8.302305 1.000000 0.000000 0.000000 -0.772498 0.635018
976055030.119851 12.005196 -7.265901 1.000000 0.000000 0.000000 -0.771451 0.636289
976055033.561514 11.834795 -6.286967 1.000000 0.000000 0.000000 -0.767995 0.640456
976055037.929662 11.636551 -5.325923 1.000000 0.000000 0.000000 -0.772716 0.634752
976055040.366252 11.505917 -4.451189 1.000000 0.000000 0.000000 -0.780014 0.625762
976055043.716830 11.297776 -3.474803 1.000000 0.000000 0.000000 -0.789086 0.614283
976055048.853126 11.123441 -2.724583 1.000000 0.000000 0.000000 0.899258 -0.437420
976055052.935651 10.309676 -2.309034 1.000000 0.000000 0.000000 0.963880 -0.266336
976055056.656787 9.559477 -1.587408 1.000000 0.000000 0.000000 0.943276 -0.332010
976055060.145365 8.913529 -0.831900 1.000000 0.000000 0.000000 0.919223 -0.393738
976055063.323230 8.340357 -0.263337 1.000000 0.000000 0.000000 0.936758 -0.349977
976055067.320930 7.408926 0.437176 1.000000 0.000000 0.000000 0.962712 -0.270528
976055070.368702 7.232159 0.508071 1.000000 0.000000 0.000000 0.999102 -0.042380
976055074.976435 6.101261 0.390196 1.000000 0.000000 0.000000 0.999665 0.025882
976055075.474329 6.002896 0.398768 1.000000 0.000000 0.000000 0.999632 0.027122
976055079.121070 4.941711 0.334396 1.000000 0.000000 0.000000 0.995723 0.092393
976055082.941314 3.952881 0.279747 1.000000 0.000000 0.000000 0.999286 0.037777
976055086.826463 2.860239 0.180049 1.000000 0.000000 0.000000 0.998643 0.052070
976055089.818763 2.032390 0.096827 1.000000 0.000000 0.000000 0.999778 0.021047
976055094.653871 0.797349 0.022171 1.000000 0.000000 0.000000 0.999051 0.043544
976055096.404741 0.353720 -0.034598 1.000000 0.000000 0.000000 0.997245 0.074178
976055104.588232 -0.638099 -0.118556 1.000000 0.000000 0.000000 0.997056 0.076681
976055109.546950 -1.613414 -0.339924 1.000000 0.000000 0.000000 0.948666 0.316281
976055110.740797 -1.566924 -0.363160 1.000000 0.000000 0.000000 0.852538 0.522665
976055116.654594 -1.482691 -1.510823 1.000000 0.000000 0.000000 0.701942 0.712234
976055121.562126 -1.461376 -2.972112 1.000000 0.000000 0.000000 0.715038 0.699086
976055123.877572 -1.502810 -3.582257 1.000000 0.000000 0.000000 0.732608 0.680651
976055127.667073 -1.574804 -3.752508 1.000000 0.000000 0.000000 0.913792 0.406182
976055129.562910 -1.603457 -3.729528 1.000000 0.000000 0.000000 0.988635 0.150335
976055135.230850 -2.556388 -3.669511 1.000000 0.000000 0.000000 0.999868 0.016274
976055139.947589 -3.203787 -3.658153 1.000000 0.000000 0.000000 0.902944 0.429758
976055142.766549 -3.177354 -3.687356 1.000000 0.000000 0.000000 0.755001 0.655724
976055146.830698 -3.072069 -3.535863 1.000000 0.000000 -0.000000 -0.413374 0.910561
976055148.335120 -3.117819 -3.518400 1.000000 0.000000 -0.000000 -0.645618 0.763661
976055151.910555 -3.093606 -3.553326 1.000000 0.000000 -0.000000 -0.492256 0.870450
976055154.430676 -3.079988 -3.570867 1.000000 0.000000 -0.000000 -0.366810 0.930296
976055158.483549 -2.330063 -3.618060 1.000000 0.000000 -0.000000 -0.035054 0.999385
976055162.289079 -1.528040 -3.562770 1.000000 0.000000 -0.000000 -0.059001 0.998258
976055166.747645 0.078885 -3.428261 1.000000 0.000000 -0.000000 -0.034008 0.999422
976055170.160078 0.184848 -3.370489 1.000000 0.000000 -0.000000 -0.246292 0.969196
976055173.916377 -0.049297 -3.449486 1.000000 0.000000 0.000000 0.982222 -0.187723
976055174.968297 -0.043525 -3.469561 1.000000 0.000000 0.000000 0.997475 0.071023
976055177.750906 0.021897 -3.520619 1.000000 0.000000 0.000000 0.938668 0.344822
976055181.908213 0.050202 -4.439678 1.000000 -0.000000 -0.000000 0.715169 0.698952
976055185.455943 0.035168 -5.002714 1.000000 -0.000000 -0.000000 0.730717 0.682681
976055189.458710 -0.038766 -5.065907 1.000000 0.000000 0.000000 0.991702 0.128560
976055193.748917 -0.982528 -5.117597 1.000000 0.000000 0.000000 0.997620 0.068955
976055198.109827 -1.461216 -5.223841 1.000000 0.000000 0.000000 0.948433 0.316976
976055199.551924 -1.425406 -5.223086 1.000000 -0.000000 -0.000000 0.825838 0.563908
976055205.809825 -1.460007 -5.233197 1.000000 0.000000 0.000000 0.931756 0.363086
976055209.738716 -2.184083 -5.853772 1.000000 0.000000 0.000000 0.973658 0.228013
976055211.766900 -2.282321 -5.788584 1.000000 0.000000 0.000000 0.994802 0.101830
976055215.592760 -3.347264 -5.879610 1.000000 0.000000 0.000000 0.999206 0.039838
976055217.727133 -3.363812 -5.928718 1.000000 0.000000 0.000000 0.971859 0.235564
976055221.696038 -3.444650 -6.516983 1.000000 -0.000000 -0.000000 0.781675 0.623686
976055225.895246 -3.607131 -7.069502 1.000000 0.000000 0.000000 0.886003 0.463680
976055231.461380 -4.042758 -7.606561 1.000000 -0.000000 -0.000000 0.781065 0.624450
976055235.175440 -3.872257 -7.490883 1.000000 0.000000 0.000000 -0.028418 0.999596
976055235.938070 -3.875249 -7.488669 1.000000 0.000000 0.000000 -0.071175 0.997464
976055237.735648 -3.932229 -7.346980 1.000000 0.000000 0.000000 -0.544858 0.838528
976055242.571505 -3.296704 -6.045784 1.000000 0.000000 0.000000 -0.532102 0.846680
976055246.770268 -3.114556 -5.807403 1.000000 0.000000 0.000000 -0.322883 0.946439
976055251.503144 -2.158572 -5.700171 1.000000 0.000000 0.000000 -0.104187 0.994558
976055254.302474 -1.482856 -5.576441 1.000000 0.000000 0.000000 -0.079790 0.996812
976055258.402861 -1.390474 -5.636327 1.000000 -0.000000 -0.000000 0.364775 0.931096
976055260.379856 -1.431706 -5.700342 1.000000 -0.000000 -0.000000 0.611215 0.791465
976055266.491107 -1.537188 -6.586974 1.000000 -0.000000 -0.000000 0.746308 0.665600
976055270.500273 -1.497002 -7.362810 1.000000 -0.000000 -0.000000 0.569103 0.822266
976055274.255503 -1.521137 -7.444092 1.000000 -0.000000 -0.000000 0.695379 0.718643
976055278.766495 -1.611148 -8.612392 1.000000 -0.000000 -0.000000 0.732362 0.680916
976055282.553058 -1.687782 -9.540664 1.000000 -0.000000 -0.000000 0.737077 0.675809
976055287.476211 -1.558958 -10.650979 1.000000 -0.000000 -0.000000 0.673960 0.738768
976055290.949707 -1.530628 -11.656084 1.000000 -0.000000 -0.000000 0.707216 0.706998
976055294.960471 -1.607244 -12.697154 1.000000 -0.000000 -0.000000 0.637386 0.770544
976055298.250000 -1.487675 -13.853617 1.000000 -0.000000 -0.000000 0.670583 0.741834
976055302.113389 -1.428060 -14.665327 1.000000 -0.000000 -0.000000 0.647806 0.761805
976055306.727922 -1.377693 -15.249425 1.000000 -0.000000 -0.000000 0.760097 0.649810
976055310.601149 -1.484631 -15.199145 1.000000 0.000000 0.000000 0.956762 0.290872
976055315.712000 -2.133563 -15.552726 1.000000 0.000000 0.000000 0.981600 0.190950
976055319.190889 -2.715107 -15.396183 1.000000 0.000000 0.000000 0.998997 -0.044780
976055322.541826 -3.670066 -15.355165 1.000000 0.000000 0.000000 0.999974 0.007162
976055326.810174 -3.904065 -15.431508 1.000000 0.000000 0.000000 0.883218 0.468963
976055327.572394 -3.882531 -15.443939 1.000000 -0.000000 -0.000000 0.769879 0.638190
976055331.222020 -3.722676 -15.346066 1.000000 -0.000000 -0.000000 0.111701 0.993742
976055335.421111 -2.841620 -15.216190 1.000000 -0.000000 -0.000000 0.032015 0.999487
976055339.542869 -1.725858 -15.536535 1.000000 -0.000000 -0.000000 0.163075 0.986614
976055344.199850 -1.023350 -15.834010 1.000000 -0.000000 -0.000000 0.356967 0.934117
976055347.849513 -1.107707 -15.870601 1.000000 -0.000000 -0.000000 0.733378 0.679821
976055352.445970 -1.217445 -16.756650 1.000000 -0.000000 -0.000000 0.745529 0.666473
976055358.661705 -1.344264 -17.132569 1.000000 0.000000 0.000000 0.994483 0.104902
976055363.762546 -2.507239 -17.155775 1.000000 0.000000 0.000000 0.999762 0.021836
976055368.346796 -3.857284 -17.077083 1.000000 0.000000 0.000000 0.999943 0.010664
976055372.171713 -4.911124 -17.161446 1.000000 0.000000 0.000000 0.998782 0.049332
976055376.348869 -5.195099 -17.250883 1.000000 -0.000000 -0.000000 0.861843 0.507175
976055376.872679 -5.180031 -17.267134 1.000000 -0.000000 -0.000000 0.814541 0.580106
976055379.422244 -5.106926 -17.257070 1.000000 -0.000000 -0.000000 0.512772 0.858525
976055383.864501 -5.099205 -17.075643 1.000000 0.000000 0.000000 -0.537077 0.843533
976055384.796534 -5.147680 -17.062274 1.000000 0.000000 0.000000 -0.741865 0.670550
976055389.326935 -5.511063 -16.031616 1.000000 0.000000 0.000000 -0.807902 0.589317
976055392.265207 -5.756316 -15.270637 1.000000 0.000000 0.000000 -0.837254 0.546814
976055396.662667 -6.076232 -14.228823 1.000000 0.000000 0.000000 -0.783040 0.621971
976055400.823375 -6.178849 -13.227453 1.000000 0.000000 0.000000 -0.711861 0.702320
976055404.974781 -6.189418 -11.734786 1.000000 0.000000 0.000000 -0.731523 0.681816
976055408.861312 -6.224213 -11.039799 1.000000 0.000000 0.000000 -0.750067 0.661362
976055413.196437 -6.345875 -10.422139 1.000000 0.000000 0.000000 0.927268 -0.374399
976055414.562781 -6.370663 -10.469342 1.000000 0.000000 0.000000 0.996637 -0.081948
976055418.789005 -6.271316 -10.581802 1.000000 0.000000 0.000000 0.668735 0.743501
976055422.191878 -6.143967 -11.484235 1.000000 0.000000 0.000000 0.648918 0.760858
976055426.513030 -5.986080 -12.684631 1.000000 0.000000 0.000000 0.668258 0.743929
976055430.173032 -5.917918 -13.693309 1.000000 0.000000 0.000000 0.700481 0.713671
976055434.337903 -5.946297 -14.865473 1.000000 0.000000 0.000000 0.725213 0.688524
976055438.173209 -5.996982 -15.906222 1.000000 0.000000 0.000000 0.738995 0.673711
976055442.833323 -6.061137 -16.904423 1.000000 0.000000 0.000000 0.731405 0.681943
976055445.648235 -6.022482 -16.896778 1.000000 0.000000 0.000000 0.531073 0.847326
976055449.814024 -5.093564 -16.896857 1.000000 0.000000 0.000000 0.027494 0.999622
976055453.585665 -4.076389 -16.949448 1.000000 0.000000 0.000000 0.024294 0.999705
976055457.616321 -2.887112 -17.047128 1.000000 0.000000 0.000000 0.022920 0.999737
976055461.447966 -1.809273 -17.069209 1.000000 0.000000 0.000000 0.011449 0.999934
976055465.505011 -1.244686 -17.003102 1.000000 0.000000 -0.000000 -0.237019 0.971505
976055466.679735 -1.283205 -16.963490 1.000000 0.000000 -0.000000 -0.464228 0.885716
976055471.470467 -1.405357 -16.153652 1.000000 0.000000 -0.000000 -0.719200 0.694803
976055474.834990 -1.415911 -15.353611 1.000000 0.000000 -0.000000 -0.733708 0.679464
976055479.114093 -1.416415 -13.957119 1.000000 0.000000 -0.000000 -0.702492 0.711692
976055482.677458 -1.491476 -12.966466 1.000000 0.000000 -0.000000 -0.767363 0.641213
976055486.878621 -1.548006 -11.754363 1.000000 0.000000 -0.000000 -0.738454 0.674304
976055490.479472 -1.671256 -10.704485 1.000000 0.000000 -0.000000 -0.764777 0.644295
976055494.821341 -1.687597 -9.571087 1.000000 0.000000 -0.000000 -0.688103 0.725613
976055498.880950 -1.658159 -8.554070 1.000000 0.000000 -0.000000 -0.717204 0.696863
976055503.422576 -1.568011 -7.286750 1.000000 0.000000 -0.000000 -0.713631 0.700522
976055508.180879 -1.548577 -5.834437 1.000000 0.000000 -0.000000 -0.680365 0.732873
976055512.837959 -1.520327 -4.628302 1.000000 0.000000 -0.000000 -0.718280 0.695754
976055518.266360 -1.526451 -3.630999 1.000000 0.000000 -0.000000 -0.694289 0.719697
976055522.760015 -1.497895 -1.934537 1.000000 0.000000 -0.000000 -0.748509 0.663125
976055524.806700 -1.531960 -1.550638 1.000000 0.000000 -0.000000 -0.763827 0.645421
976055528.881967 -1.656663 -0.101932 1.000000 0.000000 -0.000000 -0.775594 0.631232
976055532.527529 -1.609579 -0.031717 1.000000 0.000000 -0.000000 -0.534180 0.845371
976055532.540510 -1.654126 -0.026922 1.000000 0.000000 -0.000000 -0.761591 0.648058
976055537.682673 -1.112583 -0.082241 1.000000 0.000000 -0.000000 -0.010275 0.999947
