976052857.337530 0.000000 0.000000 1.000000 0.000000 0.000000 -0.001229 0.999999
976052888.372558 0.703000 -0.015000 1.000000 0.000000 0.000000 -0.013520 0.999909
976052890.445780 0.697000 -0.014000 1.000000 0.000000 0.000000 -0.172438 0.985020
976052891.565788 0.699000 -0.017000 1.000000 0.000000 0.000000 -0.434833 0.900511
976052892.765064 0.697000 -0.011000 1.000000 0.000000 0.000000 -0.580102 0.814543
976052894.779246 0.695000 0.008000 1.000000 0.000000 0.000000 -0.766834 0.641846
976052896.365811 0.704000 0.027000 1.000000 0.000000 0.000000 0.910420 -0.413686
976052898.601112 0.720000 0.037000 1.000000 0.000000 0.000000 0.988778 -0.149390
976052898.794433 0.725000 0.038000 1.000000 0.000000 0.000000 0.996354 -0.085319
976052900.236210 0.733000 0.038000 1.000000 0.000000 0.000000 0.995977 0.089604
976052901.967402 0.735000 0.037000 1.000000 0.000000 0.000000 0.940112 0.340865
976052903.644597 0.737000 0.036000 1.000000 0.000000 0.000000 0.820208 0.572065
976052905.508136 0.738000 0.040000 1.000000 0.000000 0.000000 0.631896 0.775053
976052907.167772 0.744000 0.053000 1.000000 0.000000 0.000000 0.407523 0.913195
976052909.124882 0.764000 0.066000 1.000000 0.000000 0.000000 0.142702 0.989766
976052910.984758 0.774000 0.067000 1.000000 0.000000 0.000000 -0.108562 0.994090
976052914.947754 1.485000 -0.124000 1.000000 0.000000 0.000000 -0.151212 0.988501
976052917.910720 2.048000 -0.316000 1.000000 0.000000 0.000000 -0.169410 0.985546
976052920.608149 2.968000 -0.725000 1.000000 0.000000 0.000000 -0.220637 0.975356
976052923.994845 3.903000 -1.213000 1.000000 0.000000 0.000000 -0.208633 0.977994
976052927.714880 4.856000 -1.657000 1.000000 0.000000 0.000000 -0.157284 0.987553
976052928.964339 5.189000 -1.776000 1.000000 0.000000 0.000000 -0.184531 0.982827
976052932.350295 6.146000 -2.218000 1.000000 0.000000 0.000000 -0.226627 0.973982
976052935.783143 7.035000 -2.733000 1.000000 0.000000 0.000000 -0.268304 0.963334
976052939.330908 7.888000 -3.298000 1.000000 0.000000 0.000000 -0.312405 0.949949
976052943.291266 8.201000 -3.526000 1.000000 0.000000 0.000000 -0.505313 0.862936
976052947.290913 8.257999 -4.110000 1.000000 0.000000 0.000000 -0.682358 0.731018
976052950.170087 8.301000 -4.866000 1.000000 0.000000 0.000000 -0.695719 0.718314
976052953.199871 8.309000 -5.744000 1.000000 0.000000 0.000000 -0.715315 0.698802
976052955.615751 8.278000 -6.508000 1.000000 0.000000 0.000000 -0.730179 0.683256
976052961.342821 8.196000 -7.339000 1.000000 0.000000 0.000000 -0.859186 0.511663
976052965.240740 7.857000 -7.790000 1.000000 0.000000 0.000000 0.902638 -0.430400
976052968.496018 7.180000 -8.548000 1.000000 0.000000 0.000000 0.922699 -0.385520
976052972.331020 6.403000 -9.261000 1.000000 0.000000 0.000000 0.946633 -0.322312
976052974.135298 5.978000 -9.572001 1.000000 0.000000 0.000000 0.956089 -0.293077
976052977.446973 5.069000 -10.104000 1.000000 0.000000 0.000000 0.973702 -0.227824
976052980.735817 4.217000 -10.488001 1.000000 0.000000 0.000000 0.982024 -0.188758
976052984.407173 3.219000 -10.837000 1.000000 0.000000 0.000000 0.990114 -0.140268
976052986.995661 2.453000 -11.014000 1.000000 0.000000 0.000000 0.996859 -0.079194
976052990.496517 1.405000 -11.130000 1.000000 0.000000 0.000000 0.999891 -0.014749
976052993.142559 0.643000 -11.149000 1.000000 0.000000 0.000000 0.999932 -0.011677
976053000.976393 -0.293000 -11.114000 1.000000 0.000000 0.000000 0.998909 0.046689
976053004.432251 -1.296000 -11.000999 1.000000 0.000000 0.000000 0.998260 0.058963
976053006.402828 -1.874000 -10.912000 1.000000 0.000000 0.000000 0.995408 0.095724
976053010.302768 -2.957000 -10.671000 1.000000 0.000000 0.000000 0.990370 0.138443
976053012.837491 -3.711000 -10.431000 1.000000 0.000000 0.000000 0.987650 0.156677
976053016.593455 -4.695000 -10.068000 1.000000 0.000000 0.000000 0.981791 0.189964
976053020.596814 -5.637000 -9.665999 1.000000 0.000000 0.000000 0.972713 0.232011
976053023.624302 -6.555000 -9.148000 1.000000 0.000000 0.000000 0.962672 0.270671
976053028.793512 -7.028000 -8.852000 1.000000 0.000000 0.000000 0.873904 0.486099
976053030.754726 -7.027000 -8.853000 1.000000 0.000000 0.000000 0.718742 0.695277
976053032.398000 -7.028000 -8.858000 1.000000 0.000000 0.000000 0.585595 0.810603
976053037.546896 -7.027000 -8.856000 1.000000 0.000000 0.000000 0.454648 0.890671
976053039.790156 -7.024000 -8.854000 1.000000 0.000000 0.000000 0.157891 0.987457
976053042.464899 -7.024000 -8.853000 1.000000 0.000000 0.000000 0.109172 0.994023
976053043.677262 -7.009000 -8.846000 1.000000 0.000000 0.000000 0.382116 0.924115
976053047.387749 -6.971000 -8.742001 1.000000 0.000000 0.000000 0.605343 0.795965
976053050.287163 -6.726000 -7.943000 1.000000 0.000000 0.000000 0.573073 0.819504
976053053.973368 -6.287000 -6.984000 1.000000 0.000000 0.000000 0.519036 0.854753
976053057.572737 -5.724000 -6.096000 1.000000 0.000000 0.000000 0.462838 0.886443
976053060.506526 -5.173000 -5.421000 1.000000 0.000000 0.000000 0.401903 0.915682
976053063.289894 -4.599000 -4.838000 1.000000 0.000000 0.000000 0.373581 0.927598
976053066.787095 -3.828000 -4.166000 1.000000 0.000000 0.000000 0.312988 0.949757
976053069.130772 -3.256000 -3.773000 1.000000 0.000000 0.000000 0.283662 0.958924
976053073.968158 -3.001000 -3.445000 1.000000 0.000000 0.000000 0.449165 0.893449
976053077.398141 -2.370000 -2.661000 1.000000 0.000000 0.000000 0.432618 0.901577
976053081.301212 -1.581000 -1.892000 1.000000 0.000000 0.000000 0.315906 0.948791
976053083.218245 -1.101000 -1.558000 1.000000 0.000000 0.000000 0.280714 0.959791
976053086.237916 -0.397000 -1.038000 1.000000 0.000000 0.000000 0.330445 0.943825
976053088.765000 0.018000 -0.715000 1.000000 0.000000 0.000000 0.324638 0.945838
976053091.723792 0.901000 -0.146000 1.000000 0.000000 0.000000 0.242160 0.970236
976053095.238123 1.839000 0.330000 1.000000 0.000000 0.000000 0.224233 0.974536
976053097.912402 2.506000 0.633000 1.000000 0.000000 0.000000 0.254067 0.967187
976053100.998026 3.292000 1.012000 1.000000 0.000000 0.000000 0.191171 0.981557
976053103.842900 3.902000 1.228000 1.000000 0.000000 0.000000 0.200211 0.979753
976053106.760085 4.882000 1.614000 1.000000 0.000000 0.000000 0.185135 0.982713
976053109.546206 5.709000 1.907000 1.000000 0.000000 0.000000 0.139660 0.990200
976053111.968381 6.381000 2.087000 1.000000 0.000000 0.000000 0.115279 0.993333
976053116.460700 6.907000 2.220000 1.000000 0.000000 0.000000 0.029494 0.999565
976053117.611086 6.923000 2.217000 1.000000 0.000000 0.000000 -0.226627 0.973982
976053119.742177 6.932000 2.207000 1.000000 0.000000 0.000000 -0.489318 0.872105
976053123.173400 7.146000 1.474000 1.000000 0.000000 0.000000 -0.595020 0.803711
976053124.968113 7.320000 0.914000 1.000000 0.000000 0.000000 -0.595020 0.803711
976053127.368615 7.516000 0.241000 1.000000 0.000000 0.000000 -0.597487 0.801878
976053130.249828 7.750000 -0.544000 1.000000 0.000000 0.000000 -0.597487 0.801878
976053133.585567 8.029000 -1.437000 1.000000 0.000000 0.000000 -0.590070 0.807352
976053136.814000 8.128000 -1.732000 1.000000 0.000000 0.000000 -0.633799 0.773498
976053140.325236 8.064000 -2.583000 1.000000 0.000000 0.000000 -0.736447 0.676496
976053143.707974 8.018000 -3.600000 1.000000 0.000000 0.000000 -0.717459 0.696601
976053147.978950 8.020000 -4.308000 1.000000 0.000000 0.000000 -0.700120 0.714025
976053148.910664 8.004001 -4.346000 1.000000 0.000000 0.000000 -0.859186 0.511663
976053152.463419 7.508000 -5.218000 1.000000 0.000000 0.000000 -0.847983 0.530024
976053154.272557 7.299000 -5.762000 1.000000 0.000000 0.000000 -0.826140 0.563465
976053157.979114 6.895000 -6.730000 1.000000 0.000000 0.000000 -0.834699 0.550706
976053160.671548 6.538000 -7.464000 1.000000 0.000000 0.000000 -0.854433 0.519561
976053164.299786 6.067000 -8.403000 1.000000 0.000000 0.000000 -0.833003 0.553269
976053167.890584 5.614000 -9.313000 1.000000 0.000000 0.000000 0.871503 -0.490390
976053170.612214 5.174000 -9.997000 1.000000 0.000000 0.000000 0.886158 -0.463383
976053172.899544 4.782000 -10.506000 1.000000 0.000000 0.000000 0.905266 -0.424845
976053176.412595 4.105000 -11.301000 1.000000 0.000000 0.000000 0.921510 -0.388354
976053180.236508 3.381000 -12.051000 1.000000 0.000000 0.000000 0.920313 -0.391184
976053183.680173 2.707000 -12.843000 1.000000 0.000000 0.000000 0.905266 -0.424845
976053185.719800 2.478000 -13.106999 1.000000 0.000000 0.000000 0.914194 -0.405277
976053188.414265 1.737000 -13.850000 1.000000 0.000000 0.000000 0.931896 -0.362724
976053191.731460 1.170000 -14.255000 1.000000 0.000000 0.000000 0.955184 -0.296013
976053195.258454 0.858000 -14.470000 1.000000 0.000000 0.000000 0.999449 -0.033180
976053197.283101 0.856000 -14.471000 1.000000 0.000000 0.000000 0.963499 0.267712
976053200.982955 0.676000 -14.189000 1.000000 0.000000 0.000000 0.869386 0.494134
976053203.906857 0.274000 -13.486000 1.000000 0.000000 0.000000 0.863247 0.504782
976053207.500594 -0.228000 -12.565000 1.000000 0.000000 0.000000 0.852190 0.523232
976053210.798304 -0.692000 -11.622000 1.000000 0.000000 0.000000 0.834022 0.551732
976053214.402543 -1.107000 -10.658001 1.000000 0.000000 0.000000 0.814900 0.579602
976053217.553836 -1.369000 -9.884000 1.000000 0.000000 0.000000 0.804076 0.594526
976053220.880390 -1.650000 -8.870999 1.000000 0.000000 0.000000 0.771937 0.635699
976053224.178090 -1.693000 -8.636000 1.000000 0.000000 0.000000 0.908631 0.417599
976053226.915838 -1.706000 -8.635000 1.000000 0.000000 0.000000 0.983165 -0.182719
976053227.970060 -1.705000 -8.634000 1.000000 0.000000 0.000000 0.894550 -0.446967
976053229.242021 -1.705000 -8.634000 1.000000 0.000000 0.000000 -0.730179 0.683256
976053230.978126 -1.712000 -8.625999 1.000000 0.000000 0.000000 -0.355842 0.934546
976053232.293926 -1.720000 -8.620999 1.000000 0.000000 0.000000 -0.084094 0.996458
976053233.481135 -1.720000 -8.620999 1.000000 0.000000 0.000000 0.197199 0.980363
976053234.621160 -1.716000 -8.618000 1.000000 0.000000 0.000000 0.454648 0.890671
976053237.167380 -1.713000 -8.601000 1.000000 0.000000 0.000000 0.768016 0.640431
976053241.702404 -2.023000 -7.630000 1.000000 0.000000 0.000000 0.792979 0.609249
976053244.959281 -2.272000 -6.639000 1.000000 0.000000 0.000000 0.773887 0.633324
976053248.159931 -2.427000 -5.719000 1.000000 0.000000 0.000000 0.758086 0.652154
976053251.799215 -2.516000 -4.668000 1.000000 0.000000 0.000000 0.725121 0.688622
976053254.520149 -2.537000 -3.848000 1.000000 0.000000 0.000000 0.698362 0.715744
976053258.340324 -2.508000 -2.803000 1.000000 0.000000 0.000000 0.693951 0.720023
976053261.595432 -2.436000 -1.913000 1.000000 0.000000 0.000000 0.662344 0.749200
976053264.941262 -2.290000 -0.881000 1.000000 0.000000 0.000000 0.629511 0.776991
976053270.341406 -2.103000 -0.083000 1.000000 0.000000 0.000000 0.451908 0.892064
976053274.989561 -1.410000 0.695000 1.000000 0.000000 0.000000 0.330445 0.943825
976053277.163072 -0.900000 1.079000 1.000000 0.000000 0.000000 0.301292 0.953532
976053280.795192 0.011000 1.574000 1.000000 0.000000 0.000000 0.206228 0.978504
976053282.903067 0.671000 1.812000 1.000000 0.000000 0.000000 0.148782 0.988870
976053286.532140 1.441000 2.010000 1.000000 0.000000 0.000000 0.100005 0.994987
976053287.855412 2.014000 2.108000 1.000000 0.000000 0.000000 0.072453 0.997372
976053290.832518 2.822000 2.192000 1.000000 0.000000 0.000000 0.032565 0.999470
976053294.368942 3.866000 2.228000 1.000000 0.000000 0.000000 -0.004302 0.999991
976053296.885448 4.675000 2.176000 1.000000 0.000000 0.000000 -0.059576 0.998224
976053300.492304 5.687000 2.013000 1.000000 0.000000 0.000000 -0.108562 0.994090
976053302.560767 6.278000 1.857000 1.000000 0.000000 0.000000 -0.145135 0.989412
976053306.130230 7.269000 1.517000 1.000000 0.000000 0.000000 -0.187550 0.982255
976053308.962178 8.007999 1.180000 1.000000 0.000000 0.000000 -0.238581 0.971123
976053312.557035 8.895000 0.630000 1.000000 0.000000 0.000000 -0.303635 0.952788
976053316.370055 9.712000 -0.018000 1.000000 0.000000 0.000000 -0.361579 0.932342
976053318.727315 10.217999 -0.485000 1.000000 0.000000 0.000000 -0.373010 0.927827
976053321.231140 10.697000 -0.982000 1.000000 0.000000 0.000000 -0.412567 0.910927
976053325.422780 11.301999 -1.789000 1.000000 0.000000 0.000000 -0.483949 0.875096
976053328.275400 11.823001 -2.666000 1.000000 0.000000 0.000000 -0.497337 0.867558
976053331.475300 12.205000 -3.353000 1.000000 0.000000 0.000000 -0.528981 0.848634
976053334.593313 12.656000 -4.299000 1.000000 0.000000 0.000000 -0.541956 0.840407
976053337.948860 13.043000 -5.277000 1.000000 0.000000 0.000000 -0.572569 0.819856
976053341.592842 13.321000 -6.288000 1.000000 0.000000 0.000000 -0.640903 0.767622
976053345.148935 13.479000 -7.328000 1.000000 0.000000 0.000000 -0.668765 0.743474
976053348.657300 13.508000 -7.638000 1.000000 0.000000 0.000000 -0.721726 0.692179
976053349.674946 13.507000 -7.643000 1.000000 0.000000 0.000000 0.878934 -0.476943
976053353.210124 13.509000 -7.642000 1.000000 0.000000 0.000000 0.967030 -0.254662
976053357.203392 12.623000 -7.913000 1.000000 0.000000 0.000000 0.991364 -0.131136
976053359.120640 12.170000 -8.022000 1.000000 0.000000 0.000000 0.993956 -0.109783
976053362.370617 11.151999 -8.252000 1.000000 0.000000 0.000000 0.996087 -0.088380
976053365.970894 10.125999 -8.460999 1.000000 0.000000 0.000000 0.995811 -0.091440
976053369.774794 9.098000 -8.613000 1.000000 0.000000 0.000000 0.998150 -0.060803
976053373.223445 8.047000 -8.731000 1.000000 0.000000 0.000000 0.996354 -0.085319
976053376.738771 7.048000 -8.641000 1.000000 0.000000 0.000000 0.995109 0.098781
976053380.873219 6.498000 -8.545000 1.000000 0.000000 0.000000 0.998909 0.046689
976053383.725220 6.482000 -8.537000 1.000000 0.000000 0.000000 0.972713 0.232011
976053386.493959 5.611000 -8.038000 1.000000 0.000000 0.000000 0.971996 0.234999
976053389.304106 4.900000 -7.635000 1.000000 0.000000 0.000000 0.959272 0.282483
976053394.154151 4.133000 -7.462000 1.000000 0.000000 0.000000 0.996248 0.086543
976053397.474471 3.143000 -7.305000 1.000000 0.000000 0.000000 0.993119 0.117110
976053401.524871 2.152000 -6.889000 1.000000 0.000000 0.000000 0.961836 0.273628
976053404.845568 1.240000 -6.363000 1.000000 0.000000 0.000000 0.971996 0.234999
976053406.724352 0.749000 -6.103000 1.000000 0.000000 0.000000 0.965926 0.258819
976053410.591340 -0.178000 -5.598000 1.000000 0.000000 0.000000 0.969788 0.243949
976053412.919406 -0.753000 -5.209000 1.000000 0.000000 0.000000 0.944231 0.329285
976053416.434258 -1.538000 -4.508000 1.000000 0.000000 0.000000 0.933668 0.358138
976053419.963813 -2.091000 -4.058000 1.000000 0.000000 0.000000 0.946236 0.323476
976053423.363960 -2.094000 -4.060000 1.000000 0.000000 0.000000 0.852190 0.523232
976053425.411390 -2.122000 -3.849000 1.000000 0.000000 0.000000 0.723001 0.690847
976053428.325066 -2.121000 -2.820000 1.000000 0.000000 0.000000 0.704931 0.709276
976053431.433149 -2.096000 -2.006000 1.000000 0.000000 0.000000 0.685049 0.728497
976053435.718361 -2.071000 -1.729000 1.000000 0.000000 0.000000 0.542472 0.840074
976053438.735070 -1.721000 -1.232000 1.000000 0.000000 0.000000 0.462838 0.886443
976053441.718411 -1.226000 -0.513000 1.000000 0.000000 0.000000 0.473698 0.880687
976053447.168363 -0.692000 0.267000 1.000000 0.000000 0.000000 0.327543 0.944836
976053450.262960 -0.016000 0.732000 1.000000 0.000000 0.000000 0.295426 0.955366
976053453.647742 0.846000 1.315000 1.000000 0.000000 0.000000 0.307146 0.951662
976053457.152994 1.724000 1.879000 1.000000 0.000000 0.000000 0.215239 0.976561
976053460.620462 2.658000 2.291000 1.000000 0.000000 0.000000 0.157891 0.987457
976053464.220572 3.683000 2.501000 1.000000 0.000000 0.000000 0.096947 0.995290
976053467.821040 4.701000 2.747000 1.000000 0.000000 0.000000 0.063257 0.997997
976053471.536390 5.750000 2.865000 1.000000 0.000000 0.000000 0.063257 0.997997
976053472.885484 6.146000 2.949000 1.000000 0.000000 0.000000 0.157891 0.987457
976053476.635712 7.160000 3.232000 1.000000 0.000000 0.000000 0.050986 0.998699
976053479.793000 7.886000 3.282000 1.000000 0.000000 0.000000 0.035636 0.999365
976053482.721529 8.901000 3.361000 1.000000 0.000000 0.000000 -0.041163 0.999152
976053486.280300 9.948000 3.261000 1.000000 0.000000 0.000000 -0.084094 0.996458
976053489.691117 10.979000 3.053000 1.000000 0.000000 0.000000 -0.105506 0.994419
976053492.353791 11.633000 2.812000 1.000000 0.000000 0.000000 -0.187550 0.982255
976053495.712078 12.606999 2.432000 1.000000 0.000000 0.000000 -0.202619 0.979258
976053499.343120 13.569000 2.010000 1.000000 0.000000 0.000000 -0.193583 0.981084
976053504.726502 14.281000 1.695000 1.000000 0.000000 0.000000 -0.392880 0.919590
976053506.945441 14.285999 1.681000 1.000000 0.000000 0.000000 -0.682358 0.731018
976053508.959990 14.285000 1.669000 1.000000 0.000000 0.000000 -0.786191 0.617983
976053512.366271 13.814000 0.728000 1.000000 0.000000 0.000000 -0.859186 0.511663
976053515.660950 13.395000 0.032000 1.000000 0.000000 0.000000 0.880396 -0.474240
976053518.870123 12.769000 -0.815000 1.000000 0.000000 0.000000 0.901311 -0.433172
976053522.266645 12.040999 -1.558000 1.000000 0.000000 0.000000 0.943622 -0.331025
976053525.964360 11.207000 -2.199000 1.000000 0.000000 0.000000 0.955184 -0.296013
976053529.112841 10.457000 -2.669000 1.000000 0.000000 0.000000 0.969337 -0.245736
976053531.774150 9.988000 -2.962000 1.000000 0.000000 0.000000 0.954270 -0.298947
976053534.288104 9.127000 -3.515000 1.000000 0.000000 0.000000 0.969337 -0.245736
976053540.208195 8.533000 -3.824000 1.000000 0.000000 0.000000 0.974398 -0.224831
976053543.646891 7.694000 -4.376000 1.000000 0.000000 0.000000 0.951473 -0.307731
976053546.877300 7.105000 -4.749000 1.000000 0.000000 0.000000 0.968577 -0.248714
976053549.651559 6.159000 -5.214000 1.000000 0.000000 0.000000 0.981439 -0.191774
976053552.257519 5.575000 -5.486000 1.000000 0.000000 0.000000 0.972998 -0.230815
976053556.625959 4.774000 -5.841000 1.000000 0.000000 0.000000 0.910420 -0.413686
976053556.996320 4.781000 -5.836000 1.000000 0.000000 0.000000 0.966243 -0.257632
976053557.184400 4.775000 -5.841000 1.000000 0.000000 0.000000 -0.827867 0.560924
976053558.437199 4.775000 -5.845000 1.000000 0.000000 0.000000 -0.661883 0.749607
976053561.829932 5.107000 -6.493000 1.000000 0.000000 0.000000 -0.515881 0.856660
976053564.637492 5.477000 -7.224000 1.000000 0.000000 0.000000 -0.534186 0.845367
976053567.312069 5.782000 -7.853000 1.000000 0.000000 0.000000 -0.528981 0.848634
976053569.707565 6.102000 -8.474000 1.000000 0.000000 0.000000 -0.510606 0.859815
976053574.252349 6.491000 -9.187000 1.000000 0.000000 0.000000 -0.283072 0.959099
976053575.431465 6.491000 -9.187000 1.000000 0.000000 0.000000 -0.007374 0.999973
976053577.832085 6.498000 -9.181000 1.000000 0.000000 0.000000 0.519036 0.854753
976053579.114397 6.499000 -9.175000 1.000000 0.000000 0.000000 0.729338 0.684153
976053580.373681 6.499000 -9.175000 1.000000 0.000000 0.000000 0.894000 0.448067
976053581.634336 6.488000 -9.168000 1.000000 0.000000 0.000000 0.982940 0.183927
976053584.213297 6.471000 -9.165000 1.000000 0.000000 0.000000 0.976429 -0.215840
976053586.107615 6.468000 -9.165999 1.000000 0.000000 0.000000 0.999408 0.034408
976053587.273756 6.458000 -9.164001 1.000000 0.000000 0.000000 0.989501 0.144526
976053589.350874 6.440000 -9.150000 1.000000 0.000000 0.000000 0.884157 0.467191
976053593.535030 6.274000 -8.325000 1.000000 0.000000 0.000000 0.754064 0.656801
976053596.678590 6.190000 -7.514000 1.000000 0.000000 0.000000 0.729338 0.684153
976053599.775878 6.167000 -6.465000 1.000000 0.000000 0.000000 0.705802 0.708409
976053604.265441 6.197000 -5.758000 1.000000 0.000000 0.000000 0.834022 0.551732
976053605.524791 6.201000 -5.763000 1.000000 0.000000 0.000000 0.947226 0.320566
976053607.458517 6.186000 -5.761000 1.000000 0.000000 0.000000 0.999547 -0.030109
976053608.992830 6.170000 -5.766000 1.000000 0.000000 0.000000 0.956089 -0.293077
976053609.440865 6.164000 -5.773000 1.000000 0.000000 0.000000 -0.847983 0.530024
976053610.612107 6.164000 -5.774000 1.000000 0.000000 0.000000 -0.677852 0.735198
976053613.155658 6.163000 -5.780000 1.000000 0.000000 0.000000 -0.096335 0.995349
976053614.476057 6.161000 -5.780000 1.000000 0.000000 0.000000 0.185135 0.982713
976053615.658445 6.160000 -5.781000 1.000000 0.000000 0.000000 0.440910 0.897551
976053618.378590 6.152000 -5.772000 1.000000 0.000000 0.000000 0.898093 0.439807
976053619.568317 6.151000 -5.772000 1.000000 0.000000 0.000000 0.984594 0.174858
976053623.798446 5.178000 -5.476000 1.000000 0.000000 0.000000 0.989940 0.141485
976053626.338114 4.565000 -5.275000 1.000000 0.000000 0.000000 0.982940 0.183927
976053631.725791 3.940000 -5.029000 1.000000 0.000000 0.000000 0.903430 0.428735
976053633.884796 3.949000 -4.943000 1.000000 0.000000 0.000000 0.669222 0.743063
976053637.368206 4.093000 -3.944000 1.000000 0.000000 0.000000 0.634274 0.773108
976053641.248510 4.383000 -2.822000 1.000000 0.000000 0.000000 0.585595 0.810603
976053645.428805 4.415000 -2.730000 1.000000 0.000000 0.000000 0.393445 0.919348
976053647.819059 4.416000 -2.730000 1.000000 0.000000 0.000000 0.069389 0.997590
976053649.815190 4.411000 -2.730000 1.000000 0.000000 0.000000 -0.196597 0.980484
976053651.460345 4.411000 -2.730000 1.000000 0.000000 0.000000 -0.451360 0.892342
976053653.620393 4.412000 -2.734000 1.000000 0.000000 0.000000 -0.700120 0.714025
976053655.549169 4.407000 -2.748000 1.000000 0.000000 0.000000 -0.860754 0.509020
976053657.381903 4.393000 -2.763000 1.000000 0.000000 0.000000 0.962171 -0.272446
976053659.747776 4.384000 -2.765000 1.000000 0.000000 0.000000 0.996761 0.080419
976053662.738996 4.381000 -2.763000 1.000000 0.000000 0.000000 0.977478 0.211037
976053664.948600 4.366000 -2.765000 1.000000 0.000000 0.000000 0.938425 -0.345483
976053669.584756 4.057000 -3.223000 1.000000 0.000000 0.000000 -0.839740 0.542988
976053673.521794 3.987000 -3.855000 1.000000 0.000000 0.000000 0.905266 -0.424845
976053677.117917 3.506000 -4.075000 1.000000 0.000000 0.000000 0.981439 -0.191774
976053683.167929 2.667000 -4.386000 1.000000 0.000000 0.000000 0.997460 0.071227
976053685.969718 2.659000 -4.381000 1.000000 0.000000 0.000000 0.869386 0.494134
976053690.542195 2.293000 -3.398000 1.000000 0.000000 0.000000 0.802246 0.596994
976053693.952811 2.060000 -2.386000 1.000000 0.000000 0.000000 0.760087 0.649822
976053696.612752 2.031000 -2.207000 1.000000 0.000000 0.000000 0.896737 0.442564
976053698.743675 2.029000 -2.207000 1.000000 0.000000 0.000000 1.000000 0.000615
976053702.547989 1.017000 -2.175000 1.000000 0.000000 0.000000 0.999993 0.003687
976053706.398191 -0.033000 -2.190000 1.000000 0.000000 0.000000 0.999634 -0.027037
976053708.847090 -0.214000 -2.202000 1.000000 0.000000 0.000000 0.998150 -0.060803
976053711.902100 -0.219000 -2.201000 1.000000 0.000000 0.000000 -0.730179 0.683256
976053712.210347 -0.220000 -2.200000 1.000000 0.000000 0.000000 -0.465016 0.885302
976053713.290561 -0.220000 -2.200000 1.000000 0.000000 0.000000 -0.205627 0.978631
976053714.759945 -0.217000 -2.200000 1.000000 0.000000 0.000000 0.047917 0.998851
976053717.317306 -0.206000 -2.195000 1.000000 0.000000 0.000000 0.605343 0.795965
976053721.104490 -0.297000 -1.389000 1.000000 0.000000 0.000000 0.737692 0.675137
976053724.650515 -0.327000 -0.358000 1.000000 0.000000 0.000000 0.689513 0.724274
976053727.230495 -0.308000 -0.056000 1.000000 0.000000 0.000000 0.798561 0.601913
976053729.746377 -0.221000 -0.164000 1.000000 0.000000 0.000000 0.925750 0.378137
976053731.159050 -0.218000 -0.165000 1.000000 0.000000 0.000000 0.993474 0.114058
976053732.421992 -0.219000 -0.166000 1.000000 0.000000 0.000000 0.984270 -0.176674
976053734.480499 -0.240000 -0.191000 1.000000 0.000000 0.000000 -0.744706 0.667393
976053735.864126 -0.237000 -0.199000 1.000000 0.000000 0.000000 -0.483949 0.875096
976053736.555000 -0.237000 -0.199000 1.000000 0.000000 0.000000 -0.470448 0.882428
976053737.270586 -0.362000 -0.125000 1.000000 0.000000 0.000000 -0.232609 0.972570
976053745.194343 -0.446000 -0.082000 1.000000 0.000000 0.000000 -0.025808 0.999667
976053750.160921 0.562000 -0.121000 1.000000 0.000000 0.000000 -0.041163 0.999152
976053753.501170 1.351000 -0.312000 1.000000 0.000000 0.000000 -0.223634 0.974673
976053756.792520 2.263000 -0.821000 1.000000 0.000000 0.000000 -0.280124 0.959964
976053760.260025 2.612000 -1.057000 1.000000 0.000000 0.000000 -0.050372 0.998731
976053763.772183 2.726000 -0.883000 1.000000 0.000000 0.000000 0.470990 0.882138
976053767.229823 3.276000 -0.187000 1.000000 0.000000 0.000000 0.407523 0.913195
976053770.723489 3.400000 -0.057000 1.000000 0.000000 0.000000 0.109172 0.994023
976053772.733245 3.396000 -0.056000 1.000000 0.000000 0.000000 -0.169410 0.985546
976053776.919415 4.166000 -0.715000 1.000000 0.000000 0.000000 -0.384386 0.923172
976053780.424306 4.890000 -1.467000 1.000000 0.000000 0.000000 -0.387221 0.921987
976053784.417850 5.391000 -1.976000 1.000000 0.000000 0.000000 -0.443115 0.896465
976053788.635166 5.570000 -2.683000 1.000000 0.000000 0.000000 -0.619432 0.785051
976053791.841543 5.517000 -2.630000 1.000000 0.000000 0.000000 -0.338553 0.940947
976053793.950560 5.510000 -2.628000 1.000000 0.000000 0.000000 -0.084094 0.996458
976053796.317039 5.497000 -2.630000 1.000000 0.000000 0.000000 0.503190 0.864176
976053797.789477 5.498000 -2.626000 1.000000 0.000000 0.000000 0.739764 0.672867
976053811.770792 5.345000 -1.703000 1.000000 0.000000 0.000000 0.754064 0.656801
976053817.282279 5.284000 -0.970000 1.000000 0.000000 0.000000 0.678304 0.734781
976053819.522110 5.285000 -0.967000 1.000000 0.000000 0.000000 0.396268 0.918135
976053821.636491 5.286000 -0.966000 1.000000 0.000000 0.000000 0.142702 0.989766
976053822.356904 5.458000 -0.942000 1.000000 0.000000 0.000000 0.054054 0.998538
976053825.762634 6.492000 -0.871000 1.000000 0.000000 0.000000 0.011062 0.999939
976053828.494540 7.192000 -0.886000 1.000000 0.000000 0.000000 -0.019664 0.999807
976053833.922440 8.183000 -0.952000 1.000000 0.000000 0.000000 -0.259413 0.965767
976053836.732720 8.173000 -0.935000 1.000000 0.000000 0.000000 -0.614595 0.788842
976053838.902618 8.172000 -0.914000 1.000000 0.000000 0.000000 -0.791854 0.610710
976053839.281600 8.173000 -0.910000 1.000000 0.000000 0.000000 -0.839740 0.542988
976053842.732790 8.181000 -0.900000 1.000000 0.000000 0.000000 0.999449 -0.033180
976053844.662639 8.165000 -0.896000 1.000000 0.000000 0.000000 0.970533 0.240968
976053847.774807 8.153000 -0.881000 1.000000 0.000000 0.000000 0.811323 0.584599
976053849.626840 8.153000 -0.881000 1.000000 0.000000 0.000000 0.881268 0.472616
976053850.238859 8.140000 -0.870000 1.000000 0.000000 0.000000 0.978757 0.205025
976053855.251735 7.178000 -0.531000 1.000000 0.000000 0.000000 0.986668 0.162744
976053858.629447 6.181000 -0.197000 1.000000 0.000000 0.000000 0.986164 0.165775
976053862.721043 5.833000 -0.084000 1.000000 0.000000 0.000000 0.928056 0.372440
976053865.367011 5.834000 -0.085000 1.000000 0.000000 0.000000 0.691735 0.722151
976053869.353496 6.088000 0.926000 1.000000 0.000000 0.000000 0.595514 0.803345
976053873.783213 6.371000 1.689000 1.000000 0.000000 0.000000 0.462838 0.886443
976053875.319054 6.379000 1.697000 1.000000 0.000000 0.000000 0.224233 0.974536
976053877.947072 6.372000 1.699000 1.000000 0.000000 0.000000 -0.163350 0.986568
976053880.364802 6.873000 1.450000 1.000000 0.000000 0.000000 -0.247523 0.968882
976053883.798519 7.735000 0.879000 1.000000 0.000000 0.000000 -0.318237 0.948011
976053885.802029 7.764000 0.860000 1.000000 0.000000 0.000000 -0.056509 0.998402
976053888.123604 7.857000 0.959000 1.000000 0.000000 0.000000 0.415923 0.909400
976053889.921921 8.228000 1.378000 1.000000 0.000000 0.000000 0.401903 0.915682
976053893.313315 8.959001 2.063000 1.000000 0.000000 0.000000 0.342020 0.939693
976053896.908792 9.779000 2.670000 1.000000 0.000000 0.000000 0.286607 0.958048
976053900.402863 10.695000 3.186000 1.000000 0.000000 0.000000 0.236193 0.971706
976053904.272024 10.785000 3.227000 1.000000 0.000000 0.000000 -0.010447 0.999945
976053906.401343 10.803000 3.221000 1.000000 0.000000 0.000000 -0.283072 0.959099
976053909.204473 10.806000 3.216000 1.000000 0.000000 0.000000 -0.671047 0.741415
976053911.528541 10.806999 3.214000 1.000000 0.000000 0.000000 -0.851224 0.524802
976053914.214575 10.800000 3.206000 1.000000 0.000000 0.000000 0.993614 -0.112837
976053916.704295 10.803000 3.205000 1.000000 0.000000 0.000000 0.989501 0.144526
976053919.265744 10.814000 3.194000 1.000000 0.000000 0.000000 0.818446 0.574583
976053922.145962 10.815000 3.192000 1.000000 0.000000 0.000000 0.861692 0.507432
976053924.946922 10.799000 3.199000 1.000000 0.000000 0.000000 0.997958 -0.063870
976053932.749317 10.055000 2.865000 1.000000 0.000000 0.000000 0.979008 -0.203823
976053936.682613 9.091000 2.494000 1.000000 0.000000 0.000000 0.983165 -0.182719
976053938.949530 8.709001 2.340000 1.000000 0.000000 0.000000 0.983722 -0.179697
976053942.304204 7.592000 1.930000 1.000000 0.000000 0.000000 0.984270 -0.176674
976053944.530492 7.541000 1.909000 1.000000 0.000000 0.000000 0.905266 -0.424845
976053947.234893 7.541000 1.905000 1.000000 0.000000 0.000000 -0.505313 0.862936
976053951.587570 7.867000 1.224000 1.000000 0.000000 0.000000 -0.557357 0.830273
976053954.547790 8.240000 0.134000 1.000000 0.000000 0.000000 -0.549680 0.835375
976053958.128982 8.599000 -0.849000 1.000000 0.000000 0.000000 -0.562449 0.826832
976053961.915306 8.887000 -1.853000 1.000000 0.000000 0.000000 -0.640903 0.767622
976053964.921380 8.964001 -2.482000 1.000000 0.000000 0.000000 -0.668765 0.743474
976053968.519900 9.356000 -3.538000 1.000000 0.000000 0.000000 -0.590070 0.807352
976053971.389943 9.587000 -4.546000 1.000000 0.000000 0.000000 -0.654945 0.755676
976053975.119965 9.620999 -4.845000 1.000000 0.000000 0.000000 -0.280124 0.959964
976053976.502105 9.625000 -4.846000 1.000000 0.000000 0.000000 -0.016592 0.999862
976053980.190578 10.691999 -4.874000 1.000000 0.000000 0.000000 -0.087156 0.996195
976053982.191461 11.258000 -4.999000 1.000000 0.000000 0.000000 -0.132963 0.991121
976053985.197051 12.091999 -5.251000 1.000000 0.000000 0.000000 -0.160318 0.987065
976053988.328263 12.709001 -5.492000 1.000000 0.000000 0.000000 -0.187550 0.982255
976053990.643999 12.710999 -5.495000 1.000000 0.000000 0.000000 0.257038 0.966401
976053991.999146 12.713000 -5.491000 1.000000 0.000000 0.000000 0.585595 0.810603
976053993.245478 12.713000 -5.487000 1.000000 0.000000 0.000000 0.769980 0.638068
976053994.415733 12.714001 -5.489000 1.000000 0.000000 0.000000 0.911181 0.412007
976053997.602100 12.680000 -5.482000 1.000000 0.000000 0.000000 0.993474 0.114058
976054000.250300 11.867000 -5.290000 1.000000 0.000000 0.000000 0.990370 0.138443
976054003.333810 10.860000 -5.049000 1.000000 0.000000 0.000000 0.994156 0.107951
976054007.164198 9.845000 -4.805000 1.000000 0.000000 0.000000 0.991605 0.129308
976054010.799551 9.399000 -4.672000 1.000000 0.000000 0.000000 0.989233 -0.146350
976054012.220440 9.398000 -4.673000 1.000000 0.000000 0.000000 0.920313 -0.391184
976054014.966063 9.281000 -5.164000 1.000000 0.000000 0.000000 -0.789974 0.613140
976054018.822538 8.988000 -6.124000 1.000000 0.000000 0.000000 -0.826140 0.563465
976054021.995572 8.580999 -7.084000 1.000000 0.000000 0.000000 -0.846350 0.532627
976054025.771525 8.079000 -7.962000 1.000000 0.000000 0.000000 0.878934 -0.476943
976054029.257508 7.449000 -8.796000 1.000000 0.000000 0.000000 0.909144 -0.416482
976054032.597450 6.899000 -9.389000 1.000000 0.000000 0.000000 0.923879 -0.382684
976054037.310793 6.261000 -9.945000 1.000000 0.000000 0.000000 -0.844710 0.535225
976054038.317275 6.260000 -9.950000 1.000000 0.000000 0.000000 -0.671047 0.741415
976054041.783067 6.264000 -9.958000 1.000000 0.000000 0.000000 -0.358712 0.933448
976054047.128013 7.010000 -10.589001 1.000000 0.000000 0.000000 -0.373010 0.927827
976054050.573840 7.571000 -11.176000 1.000000 0.000000 0.000000 -0.423732 0.905788
976054053.770141 8.171000 -12.029000 1.000000 0.000000 0.000000 -0.500000 0.866025
976054057.236881 8.783000 -12.859000 1.000000 0.000000 0.000000 -0.420946 0.907085
976054061.706578 9.007999 -13.135000 1.000000 0.000000 0.000000 -0.244545 0.969638
976054065.175919 9.023000 -13.129001 1.000000 0.000000 0.000000 0.489854 0.871805
976054066.462826 9.006000 -13.196000 1.000000 0.000000 0.000000 0.707107 0.707107
976054067.671023 9.007000 -13.201000 1.000000 0.000000 0.000000 0.882717 0.469906
976054070.832853 8.989000 -13.193001 1.000000 0.000000 0.000000 0.977087 -0.212838
976054072.124071 8.977000 -13.204000 1.000000 0.000000 0.000000 0.877465 -0.479641
976054074.417268 8.974000 -13.210999 1.000000 0.000000 0.000000 0.883294 -0.468820
976054077.525626 8.958000 -13.221000 1.000000 0.000000 0.000000 0.998505 -0.054668
976054079.285083 8.954000 -13.220000 1.000000 0.000000 0.000000 0.978757 0.205025
976054080.810430 8.949000 -13.216999 1.000000 0.000000 0.000000 0.945238 0.326381
976054085.297077 8.375000 -12.157000 1.000000 0.000000 0.000000 0.850579 0.525848
976054088.137225 7.986000 -11.431000 1.000000 0.000000 0.000000 0.875393 0.483411
976054092.360145 7.403000 -10.414001 1.000000 0.000000 0.000000 0.855390 0.517985
976054094.447647 7.332000 -10.283001 1.000000 0.000000 0.000000 0.785431 0.618949
976054097.878720 7.332000 -10.283001 1.000000 0.000000 0.000000 0.565494 0.824752
976054099.143204 7.332000 -10.271000 1.000000 0.000000 0.000000 0.783525 0.621360
976054100.358758 7.329000 -10.265000 1.000000 0.000000 0.000000 0.921032 0.389486
976054104.575978 6.729000 -9.340000 1.000000 0.000000 0.000000 0.860128 0.510078
976054108.997902 6.267000 -8.488000 1.000000 0.000000 0.000000 0.933668 0.358138
976054112.833241 6.270000 -8.489000 1.000000 0.000000 0.000000 0.963004 -0.269488
976054115.110875 5.562000 -8.894000 1.000000 0.000000 0.000000 0.968577 -0.248714
976054118.869356 4.625000 -9.334001 1.000000 0.000000 0.000000 0.979630 -0.200813
976054121.787368 4.473000 -9.422000 1.000000 0.000000 0.000000 0.998822 -0.048531
976054125.386406 4.172000 -9.451000 1.000000 0.000000 0.000000 0.952415 -0.304806
976054126.488737 4.171000 -9.453000 1.000000 0.000000 0.000000 -0.844710 0.535225
976054127.889092 4.170000 -9.464001 1.000000 0.000000 0.000000 -0.668765 0.743474
976054130.862910 4.176000 -9.478000 1.000000 0.000000 0.000000 -0.214639 0.976693
976054131.973609 4.176000 -9.477000 1.000000 0.000000 0.000000 0.163956 0.986468
976054133.711593 4.178000 -9.475000 1.000000 0.000000 0.000000 0.484487 0.874798
976054137.886779 4.607000 -9.027000 1.000000 0.000000 0.000000 0.384954 0.922936
976054141.488334 5.349000 -8.282001 1.000000 0.000000 0.000000 0.382116 0.924115
976054145.653876 6.115000 -7.476000 1.000000 0.000000 0.000000 0.413127 0.910673
976054147.946598 6.213000 -7.360000 1.000000 0.000000 0.000000 0.629511 0.776991
976054152.136522 6.034000 -6.455000 1.000000 0.000000 0.000000 0.783525 0.621360
976054155.605300 5.775000 -5.679000 1.000000 0.000000 0.000000 0.809523 0.587089
976054159.637593 5.378000 -4.404000 1.000000 0.000000 0.000000 0.809523 0.587089
976054163.398056 5.047000 -3.415000 1.000000 0.000000 0.000000 0.814900 0.579602
976054166.629325 4.736000 -2.413000 1.000000 0.000000 0.000000 0.789220 0.614111
976054168.694160 4.699000 -2.267000 1.000000 0.000000 0.000000 0.804076 0.594526
976054172.128860 4.349000 -2.245000 1.000000 0.000000 0.000000 0.999683 0.025194
976054173.588035 3.871000 -2.265000 1.000000 0.000000 0.000000 0.999547 -0.030109
976054175.529382 3.358000 -2.279000 1.000000 0.000000 0.000000 0.999952 0.009833
976054178.778867 2.349000 -2.206000 1.000000 0.000000 0.000000 0.997460 0.071227
976054182.215270 1.914000 -2.126000 1.000000 0.000000 0.000000 0.999819 0.019050
976054185.187502 1.895000 -2.145000 1.000000 0.000000 0.000000 -0.752852 0.658190
976054186.379403 1.897000 -2.159000 1.000000 0.000000 0.000000 -0.549680 0.835375
976054187.579461 1.902000 -2.167000 1.000000 0.000000 0.000000 -0.300706 0.953717
976054191.122500 2.359000 -2.056000 1.000000 0.000000 0.000000 0.109172 0.994023
976054193.847152 3.166000 -2.002000 1.000000 0.000000 0.000000 0.035636 0.999365
976054197.149201 4.204000 -1.941000 1.000000 0.000000 0.000000 -0.028880 0.999583
976054202.883260 4.988000 -1.995000 1.000000 0.000000 0.000000 0.160925 0.986967
976054206.125400 5.098000 -1.722000 1.000000 0.000000 0.000000 0.555315 0.831640
976054211.419405 5.445000 -1.002000 1.000000 0.000000 0.000000 0.691735 0.722151
976054215.217250 5.306000 -0.971000 1.000000 0.000000 0.000000 0.996509 0.083482
976054218.439995 4.295000 -0.705000 1.000000 0.000000 0.000000 0.976163 0.217040
976054221.700000 3.661000 -0.303000 1.000000 0.000000 0.000000 0.952039 0.305976
976054224.694130 2.852000 0.298000 1.000000 0.000000 0.000000 0.947226 0.320566
976054229.154000 2.595000 0.486000 1.000000 0.000000 0.000000 0.926907 0.375290
976054232.588718 2.797000 0.281000 1.000000 0.000000 0.000000 0.840740 0.541439
976054235.458059 2.798000 0.274000 1.000000 0.000000 0.000000 0.547625 0.836724
976054237.326566 2.803000 0.280000 1.000000 0.000000 0.000000 0.301292 0.953532
976054238.656047 2.810000 0.283000 1.000000 0.000000 0.000000 0.106117 0.994354
976054241.680485 3.046000 0.149000 1.000000 0.000000 0.000000 -0.265343 0.964154
976054245.350557 3.870000 -0.468000 1.000000 0.000000 0.000000 -0.341443 0.939903
976054249.190284 4.762000 -1.168000 1.000000 0.000000 0.000000 -0.324057 0.946038
976054252.130362 5.040000 -1.383000 1.000000 0.000000 0.000000 -0.090216 0.995922
976054255.478653 5.127000 -1.239000 1.000000 0.000000 0.000000 0.495203 0.868778
976054258.969430 5.458000 -0.692000 1.000000 0.000000 0.000000 0.487173 0.873306
976054262.388397 6.322000 0.309000 1.000000 0.000000 0.000000 0.359286 0.933228
976054266.279466 7.054000 0.895000 1.000000 0.000000 0.000000 0.310069 0.950714
976054269.900594 7.900000 1.529000 1.000000 0.000000 0.000000 0.289549 0.957163
976054273.440648 8.781000 2.078000 1.000000 0.000000 0.000000 0.254067 0.967187
976054278.351158 9.625000 2.485000 1.000000 0.000000 0.000000 0.407523 0.913195
976054279.531177 9.627000 2.491000 1.000000 0.000000 0.000000 0.636647 0.771155
976054282.696559 9.369000 2.993000 1.000000 0.000000 0.000000 0.881268 0.472616
976054284.610320 9.112000 3.293000 1.000000 0.000000 0.000000 0.912442 0.409205
976054288.301719 8.129001 3.991000 1.000000 0.000000 0.000000 0.969788 0.243949
976054290.755607 7.643000 4.423000 1.000000 0.000000 0.000000 0.873904 0.486099
976054294.126998 7.363000 5.034000 1.000000 0.000000 0.000000 0.967498 0.252878
976054295.302632 7.362000 5.034000 1.000000 0.000000 0.000000 0.999985 -0.005531
976054296.312587 7.360000 5.033000 1.000000 0.000000 0.000000 0.967030 -0.254662
976054299.886255 7.365000 4.998000 1.000000 0.000000 0.000000 -0.448616 0.893724
976054303.773083 7.964000 4.150000 1.000000 0.000000 0.000000 -0.481258 0.876579
976054307.111591 8.570000 3.344000 1.000000 0.000000 0.000000 -0.392880 0.919590
976054309.838980 8.973000 2.925000 1.000000 0.000000 0.000000 -0.412567 0.910927
976054313.979091 9.359000 2.438000 1.000000 0.000000 0.000000 -0.184531 0.982827
976054315.351456 9.355000 2.438000 1.000000 0.000000 0.000000 0.096947 0.995290
976054318.886742 10.321000 2.736000 1.000000 0.000000 0.000000 0.179093 0.983832
976054322.796050 10.755000 2.903000 1.000000 0.000000 0.000000 0.418716 0.908117
976054326.372963 10.664001 3.326000 1.000000 0.000000 0.000000 0.771937 0.635699
976054329.382228 10.508000 4.243000 1.000000 0.000000 0.000000 0.760087 0.649822
976054332.880238 10.382000 5.247000 1.000000 0.000000 0.000000 0.741828 0.670591
976054336.622351 10.354000 6.289000 1.000000 0.000000 0.000000 0.700559 0.713595
976054343.417600 10.266999 5.473000 1.000000 0.000000 0.000000 0.524279 0.851546
976054346.666683 10.249001 5.463000 1.000000 0.000000 0.000000 0.020279 0.999794
976054348.552573 10.243000 5.465000 1.000000 0.000000 0.000000 -0.229619 0.973281
976054352.132462 10.232000 5.475000 1.000000 0.000000 0.000000 -0.684601 0.728918
976054355.722697 10.221000 4.470000 1.000000 0.000000 0.000000 -0.675590 0.737277
976054360.161285 10.478001 3.488000 1.000000 0.000000 0.000000 -0.604854 0.796337
976054364.486830 10.688001 2.757000 1.000000 0.000000 0.000000 -0.426513 0.904481
976054367.457056 10.988001 2.845000 1.000000 0.000000 0.000000 0.157891 0.987457
976054370.928610 11.464001 2.944000 1.000000 0.000000 0.000000 0.057122 0.998367
976054373.872640 12.627000 3.007000 1.000000 0.000000 0.000000 -0.004302 0.999991
976054376.997420 13.176000 3.009000 1.000000 0.000000 0.000000 0.004916 0.999988
976054380.269502 14.459001 3.014000 1.000000 0.000000 0.000000 -0.019664 0.999807
976054382.832806 14.466000 3.013000 1.000000 0.000000 0.000000 0.230217 0.973139
976054386.844186 14.464001 3.002000 1.000000 0.000000 0.000000 0.878348 0.478022
976054388.500342 14.464001 3.002000 1.000000 0.000000 0.000000 0.972713 0.232011
976054391.391029 14.449000 2.997000 1.000000 0.000000 0.000000 0.899976 -0.435939
976054394.233714 14.440000 2.986000 1.000000 0.000000 0.000000 0.935201 -0.354119
976054398.310695 13.636999 2.862000 1.000000 0.000000 0.000000 0.998150 -0.060803
976054400.715080 13.065000 2.766000 1.000000 0.000000 0.000000 0.996354 -0.085319
976054404.783580 11.721999 2.573000 1.000000 0.000000 0.000000 0.999891 -0.014749
976054408.529171 10.721999 2.559000 1.000000 0.000000 0.000000 0.999782 -0.020893
976054412.156767 9.620999 2.568000 1.000000 0.000000 0.000000 0.999755 0.022122
976054415.253596 9.219000 2.628000 1.000000 0.000000 0.000000 0.946236 0.323476
976054418.887148 9.217000 2.561000 1.000000 0.000000 0.000000 0.685049 0.728497
976054421.483679 9.212000 2.547000 1.000000 0.000000 0.000000 0.481797 0.876283
976054425.169246 9.210999 2.545000 1.000000 0.000000 0.000000 0.011062 0.999939
976054426.683803 9.207000 2.546000 1.000000 0.000000 0.000000 -0.178488 0.983942
976054430.822155 9.855000 1.824000 1.000000 0.000000 0.000000 -0.489318 0.872105
976054434.530339 10.417000 0.977000 1.000000 0.000000 0.000000 -0.467734 0.883869
976054437.875211 10.910999 0.055000 1.000000 0.000000 0.000000 -0.513246 0.858242
976054440.355524 11.174000 -0.614000 1.000000 0.000000 0.000000 -0.592548 0.805535
976054444.443595 11.515000 -1.598000 1.000000 0.000000 0.000000 -0.592548 0.805535
976054446.565029 11.723001 -2.261000 1.000000 0.000000 0.000000 -0.580102 0.814543
976054450.316174 11.787000 -2.447000 1.000000 0.000000 0.000000 -0.332764 0.943010
976054451.382205 11.796000 -2.450000 1.000000 0.000000 0.000000 -0.047303 0.998881
976054452.554972 11.804000 -2.448000 1.000000 0.000000 0.000000 0.236193 0.971706
976054455.697463 11.810000 -2.430000 1.000000 0.000000 0.000000 0.752043 0.659115
976054460.290787 11.385000 -1.508000 1.000000 0.000000 0.000000 0.834022 0.551732
976054464.178048 10.934000 -0.377000 1.000000 0.000000 0.000000 0.834022 0.551732
976054466.972500 10.753000 0.039000 1.000000 0.000000 0.000000 0.835713 0.549167
976054471.178838 10.405000 0.907000 1.000000 0.000000 0.000000 0.960990 0.276582
976054471.978985 10.408001 0.906000 1.000000 0.000000 0.000000 0.994801 0.101839
976054476.832223 9.427000 0.662000 1.000000 0.000000 0.000000 0.994611 -0.103673
976054479.537744 9.278000 0.631000 1.000000 0.000000 0.000000 0.933007 -0.359859
976054483.275934 9.281000 0.203000 1.000000 0.000000 0.000000 -0.706672 0.707541
976054486.560811 9.180000 -0.837000 1.000000 0.000000 0.000000 -0.736447 0.676496
976054490.889075 9.154000 -1.126000 1.000000 0.000000 0.000000 0.891786 -0.452457
976054492.561104 9.148000 -1.132000 1.000000 0.000000 0.000000 0.977087 -0.212838
976054495.655381 9.143000 -1.133000 1.000000 0.000000 0.000000 0.981791 0.189964
976054497.561752 9.135000 -1.128000 1.000000 0.000000 0.000000 0.898093 0.439807
976054501.451313 9.173000 -0.604000 1.000000 0.000000 0.000000 0.629511 0.776991
976054504.590190 9.346000 0.121000 1.000000 0.000000 0.000000 0.597980 0.801511
976054507.920939 9.520000 0.632000 1.000000 0.000000 0.000000 0.791103 0.611683
976054509.443414 9.516000 0.635000 1.000000 0.000000 0.000000 0.935852 0.352394
976054510.638582 9.515000 0.636000 1.000000 0.000000 0.000000 0.996509 0.083482
976054514.475764 8.506000 0.698000 1.000000 0.000000 0.000000 0.998074 0.062030
976054516.743629 7.812000 0.770000 1.000000 0.000000 0.000000 0.998074 0.062030
976054521.255597 6.699000 1.049000 1.000000 0.000000 0.000000 0.994483 0.104895
976054524.479604 5.731000 1.434000 1.000000 0.000000 0.000000 0.979382 0.202017
976054528.384631 4.787000 1.794000 1.000000 0.000000 0.000000 0.973421 0.229021
976054533.601300 3.933000 2.172000 1.000000 0.000000 0.000000 0.987164 0.159711
976054536.798626 3.770000 1.904000 1.000000 0.000000 0.000000 0.868473 -0.495736
976054541.838690 3.367000 1.276000 1.000000 0.000000 0.000000 -0.772718 0.634750
976054544.517100 3.373000 1.272000 1.000000 0.000000 0.000000 -0.262379 0.964965
976054546.836550 3.374000 1.272000 1.000000 0.000000 0.000000 0.007989 0.999968
976054547.610107 3.376000 1.272000 1.000000 0.000000 0.000000 0.440910 0.897551
976054552.589121 3.712000 2.250000 1.000000 0.000000 0.000000 0.550194 0.835037
976054554.913276 3.837000 2.525000 1.000000 0.000000 0.000000 0.687284 0.726389
976054558.486097 3.577000 2.703000 1.000000 0.000000 0.000000 0.954819 0.297187
976054562.329382 2.884000 3.150000 1.000000 0.000000 0.000000 0.965926 0.258819
976054566.208698 2.725000 2.979000 1.000000 0.000000 0.000000 0.907860 -0.419273
976054569.566666 2.058000 2.191000 1.000000 0.000000 0.000000 0.909144 -0.416482
976054573.196848 1.331000 1.445000 1.000000 0.000000 0.000000 0.939482 -0.342597
976054576.549004 1.279000 1.405000 1.000000 0.000000 0.000000 0.997098 -0.076131
976054580.121766 0.755000 1.597000 1.000000 0.000000 0.000000 0.982940 0.183927
976054584.983600 0.208000 1.811000 1.000000 0.000000 0.000000 0.954819 0.297187
976054589.110988 0.201000 1.818000 1.000000 0.000000 0.000000 0.580603 0.814187
976054591.159806 0.203000 1.821000 1.000000 0.000000 0.000000 0.342020 0.939693
976054594.559632 0.217000 1.824000 1.000000 0.000000 0.000000 -0.031951 0.999489
976054598.137415 1.222000 1.707000 1.000000 0.000000 0.000000 -0.068776 0.997632
976054602.237912 1.931000 1.840000 1.000000 0.000000 0.000000 0.262972 0.964803
976054605.154150 2.645000 2.250000 1.000000 0.000000 0.000000 0.268896 0.963169
976054609.168808 2.717000 2.253000 1.000000 0.000000 0.000000 0.687284 0.726389
976054613.992808 2.453000 3.262000 1.000000 0.000000 0.000000 0.800407 0.599456
976054617.950694 2.126000 4.316000 1.000000 0.000000 0.000000 0.809523 0.587089
976054621.496812 1.747000 5.285000 1.000000 0.000000 0.000000 0.834022 0.551732
976054624.995521 1.457000 6.278000 1.000000 0.000000 0.000000 0.771937 0.635699
976054628.717920 1.236000 7.294000 1.000000 0.000000 0.000000 0.773887 0.633324
976054631.976040 1.077000 7.999000 1.000000 0.000000 0.000000 0.789220 0.614111
976054634.258176 1.029000 8.180000 1.000000 0.000000 0.000000 0.973421 0.229021
976054638.976699 0.029000 8.209001 1.000000 0.000000 0.000000 0.995697 0.092664
976054641.223985 -0.658000 8.330999 1.000000 0.000000 0.000000 0.995408 0.095724
976054644.633238 -0.809000 8.362000 1.000000 0.000000 0.000000 0.912945 -0.408084
976054645.778241 -0.817000 8.345000 1.000000 0.000000 0.000000 -0.770764 0.637121
976054647.447666 -0.817000 8.339001 1.000000 0.000000 0.000000 -0.575086 0.818093
976054650.796973 -0.794000 8.333000 1.000000 0.000000 0.000000 0.188154 0.982140
976054651.938419 -0.788000 8.337000 1.000000 0.000000 0.000000 0.497870 0.867252
976054654.676636 -0.783000 8.342000 1.000000 0.000000 0.000000 0.242160 0.970236
976054658.810718 -0.169000 8.257999 1.000000 0.000000 0.000000 -0.087156 0.996195
976054662.398462 0.847000 8.028000 1.000000 0.000000 0.000000 -0.132963 0.991121
976054667.295349 1.164000 7.941000 1.000000 0.000000 0.000000 0.407523 0.913195
976054667.773195 1.164000 7.942000 1.000000 0.000000 0.000000 0.629511 0.776991
976054672.457426 1.492000 9.127000 1.000000 0.000000 0.000000 0.562957 0.826486
976054676.208392 1.790000 10.193000 1.000000 0.000000 0.000000 0.590566 0.806989
976054680.159316 2.146000 11.294001 1.000000 0.000000 0.000000 0.575588 0.817740
976054683.758798 2.524000 12.235000 1.000000 0.000000 0.000000 0.539889 0.841736
976054688.360248 3.005000 13.183001 1.000000 0.000000 0.000000 0.516407 0.856343
976054691.621176 3.130000 13.410999 1.000000 0.000000 0.000000 0.707975 0.706237
976054695.748600 3.118000 13.418000 1.000000 0.000000 0.000000 0.999952 0.009833
976054696.381061 3.101000 13.410999 1.000000 0.000000 0.000000 0.902638 -0.430400
976054698.390038 3.097000 13.400000 1.000000 0.000000 0.000000 -0.738522 0.674230
976054701.947283 3.109000 13.379001 1.000000 0.000000 0.000000 -0.172438 0.985020
976054703.894947 3.112000 13.375999 1.000000 0.000000 0.000000 -0.412567 0.910927
976054707.446891 3.121000 13.346999 1.000000 0.000000 0.000000 -0.776604 0.629989
976054711.795380 2.797000 12.697000 1.000000 0.000000 0.000000 -0.856026 0.516933
976054715.279102 2.241000 11.710999 1.000000 0.000000 0.000000 0.875987 -0.482335
976054718.909434 1.665000 10.844000 1.000000 0.000000 0.000000 0.894550 -0.446967
976054722.499625 1.288000 10.351999 1.000000 0.000000 0.000000 -0.752852 0.658190
976054723.764201 1.287000 10.354000 1.000000 0.000000 0.000000 -0.528981 0.848634
976054725.349673 1.299000 10.343000 1.000000 0.000000 0.000000 -0.247523 0.968882
976054730.323537 2.288000 9.693000 1.000000 0.000000 0.000000 -0.335660 0.941983
976054732.989600 2.816000 9.254001 1.000000 0.000000 0.000000 -0.338553 0.940947
976054737.247120 3.886000 8.231000 1.000000 0.000000 0.000000 -0.390052 0.920793
976054740.261041 4.415000 7.615000 1.000000 0.000000 0.000000 -0.437597 0.899171
976054743.922141 5.059000 6.719000 1.000000 0.000000 0.000000 -0.486636 0.873605
976054747.426019 5.383000 6.186000 1.000000 0.000000 0.000000 -0.271263 0.962505
976054751.233955 5.566000 6.349000 1.000000 0.000000 0.000000 0.365014 0.931002
976054754.742972 6.392000 6.958000 1.000000 0.000000 0.000000 0.298361 0.954453
976054758.216642 7.247000 7.504000 1.000000 0.000000 0.000000 0.289549 0.957163
976054761.358290 7.780000 7.851000 1.000000 0.000000 0.000000 0.271854 0.962338
976054764.408203 8.142000 8.073000 1.000000 0.000000 0.000000 0.570552 0.821261
976054765.692528 8.144000 8.087000 1.000000 0.000000 0.000000 0.771937 0.635699
976054767.570520 8.139000 8.096000 1.000000 0.000000 0.000000 0.908631 0.417599
976054771.245119 8.134000 8.099000 1.000000 0.000000 0.000000 -0.846350 0.532627
976054772.462992 8.134000 8.092000 1.000000 0.000000 0.000000 -0.666478 0.745525
976054773.718564 8.134000 8.089001 1.000000 0.000000 0.000000 -0.483949 0.875096
976054778.401017 8.135000 8.069000 1.000000 0.000000 0.000000 -0.776604 0.629989
976054779.610560 8.127000 8.056000 1.000000 0.000000 0.000000 0.917891 -0.396832
976054783.808521 7.436000 7.851000 1.000000 0.000000 0.000000 0.993614 -0.112837
976054787.896163 6.750000 7.687000 1.000000 0.000000 0.000000 0.951473 -0.307731
976054790.920769 5.904000 7.151000 1.000000 0.000000 0.000000 0.970829 -0.239775
976054796.830597 5.048000 6.924000 1.000000 0.000000 0.000000 0.999782 -0.020893
976054803.218427 4.252000 6.938000 1.000000 0.000000 0.000000 0.979630 -0.200813
976054807.245179 4.248000 6.917000 1.000000 0.000000 0.000000 -0.277173 0.960820
976054808.431081 4.251000 6.916000 1.000000 0.000000 0.000000 0.020279 0.999794
976054812.571180 4.267000 7.061000 1.000000 0.000000 0.000000 0.687284 0.726389
976054815.713630 4.337000 7.792000 1.000000 0.000000 0.000000 0.657727 0.753256
976054819.519490 4.568000 9.046000 1.000000 0.000000 0.000000 0.660038 0.751232
976054822.813575 4.479000 10.034000 1.000000 0.000000 0.000000 0.794847 0.606809
976054827.427181 4.294000 10.425000 1.000000 0.000000 0.000000 0.978122 0.208032
976054830.369190 3.539000 10.741000 1.000000 0.000000 0.000000 0.974811 0.223035
976054834.162400 2.595000 11.248000 1.000000 0.000000 0.000000 0.959272 0.282483
976054837.685854 1.768000 11.846999 1.000000 0.000000 0.000000 0.941155 0.337974
976054841.423091 0.922000 12.549000 1.000000 0.000000 0.000000 0.934764 0.355268
976054843.975732 0.888000 12.579000 1.000000 0.000000 0.000000 0.997004 0.077356
976054847.969747 -0.120000 12.563001 1.000000 0.000000 0.000000 0.999997 -0.002458
976054851.162219 -1.049000 12.566000 1.000000 0.000000 0.000000 0.999819 0.019050
976054854.715689 -2.087000 12.630000 1.000000 0.000000 0.000000 0.998260 0.058963
976054859.973630 -2.771000 12.930000 1.000000 0.000000 0.000000 0.972713 0.232011
976054864.695510 -4.024000 13.593000 1.000000 0.000000 0.000000 0.965126 0.261786
976054866.742025 -4.706000 14.030000 1.000000 0.000000 0.000000 0.952039 0.305976
976054871.669157 -5.517000 14.276999 1.000000 0.000000 0.000000 0.994156 0.107951
976054875.728714 -6.449000 14.731000 1.000000 0.000000 0.000000 0.961836 0.273628
976054879.320162 -7.300000 15.310000 1.000000 0.000000 0.000000 0.947226 0.320566
976054882.742598 -8.085000 15.995999 1.000000 0.000000 0.000000 0.925750 0.378137
976054887.723935 -8.899000 16.896999 1.000000 0.000000 0.000000 0.899440 0.437045
976054889.232679 -8.964001 16.973000 1.000000 0.000000 0.000000 0.978757 0.205025
976054893.162934 -9.893000 17.346001 1.000000 0.000000 0.000000 0.979382 0.202017
976054896.957464 -10.845000 17.784000 1.000000 0.000000 0.000000 0.972713 0.232011
976054900.348594 -11.745000 18.299999 1.000000 0.000000 0.000000 0.957518 0.288373
976054904.170777 -12.578000 18.934000 1.000000 0.000000 0.000000 0.933668 0.358138
976054908.157254 -13.415999 19.813000 1.000000 0.000000 0.000000 0.907344 0.420389
976054911.273964 -13.558001 19.978001 1.000000 0.000000 0.000000 0.984594 0.174858
976054915.153473 -13.874001 19.693001 1.000000 0.000000 0.000000 0.933007 -0.359859
976054917.748687 -14.306999 19.351999 1.000000 0.000000 0.000000 0.968577 -0.248714
976054921.568385 -15.438001 18.761999 1.000000 0.000000 0.000000 0.980242 -0.197802
976054925.398551 -16.392000 18.424999 1.000000 0.000000 0.000000 0.989678 -0.143310
976054929.190537 -17.464001 18.114000 1.000000 0.000000 0.000000 0.985337 -0.170621
976054932.753805 -18.469000 17.849001 1.000000 0.000000 0.000000 0.994611 -0.103673
976054938.925766 -19.386000 17.379999 1.000000 0.000000 0.000000 0.960479 -0.278354
976054943.447580 -20.483999 16.871000 1.000000 0.000000 0.000000 0.987842 -0.155463
976054947.167871 -21.811001 16.806000 1.000000 0.000000 0.000000 0.999952 0.009833
976054951.420700 -22.889999 16.600000 1.000000 0.000000 0.000000 0.995230 -0.097558
976054954.888999 -23.921001 16.480999 1.000000 0.000000 0.000000 0.999993 0.003687
976054958.747974 -25.018999 16.535999 1.000000 0.000000 0.000000 0.997674 0.068162
976054962.513976 -26.010000 16.733000 1.000000 0.000000 0.000000 0.990791 0.135399
976054966.689705 -27.308001 17.089001 1.000000 0.000000 0.000000 0.988127 0.153642
976054970.224436 -28.315001 17.366999 1.000000 0.000000 0.000000 0.991605 0.129308
976054974.194548 -29.456999 17.565001 1.000000 0.000000 0.000000 0.992754 0.120161
976054979.721052 -30.415001 17.828001 1.000000 0.000000 0.000000 0.998505 -0.054668
976054983.618038 -30.423000 17.821999 1.000000 0.000000 0.000000 -0.719596 0.694393
976054990.645830 -30.473999 17.195999 1.000000 0.000000 0.000000 -0.742651 0.669679
976054994.248430 -30.811001 16.059999 1.000000 0.000000 0.000000 -0.844710 0.535225
976054997.549620 -31.183998 15.278001 1.000000 0.000000 0.000000 -0.847983 0.530024
976055001.197402 -31.718000 14.250999 1.000000 0.000000 0.000000 0.869992 -0.493065
976055004.665014 -32.242001 13.349000 1.000000 0.000000 0.000000 0.873006 -0.487710
976055008.275900 -32.740002 12.569000 1.000000 0.000000 0.000000 0.877465 -0.479641
976055011.661495 -33.305000 11.721999 1.000000 0.000000 0.000000 0.881849 -0.471532
976055014.951455 -33.896000 10.867000 1.000000 0.000000 0.000000 0.891786 -0.452457
976055018.676059 -34.503998 10.017000 1.000000 0.000000 0.000000 0.888989 -0.457929
976055022.642142 -35.166000 9.064000 1.000000 0.000000 0.000000 0.895919 -0.444217
976055026.165267 -35.820999 8.257000 1.000000 0.000000 0.000000 0.911686 -0.410887
976055030.119851 -36.558998 7.447000 1.000000 0.000000 0.000000 0.922699 -0.385520
976055033.561514 -37.305000 6.717000 1.000000 0.000000 0.000000 0.935201 -0.354119
976055037.929662 -38.098000 6.031000 1.000000 0.000000 0.000000 0.944635 -0.328123
976055040.366252 -38.781002 5.494000 1.000000 0.000000 0.000000 0.947619 -0.319402
976055043.716830 -39.595001 4.895000 1.000000 0.000000 0.000000 0.955184 -0.296013
976055048.853126 -40.268997 4.465000 1.000000 0.000000 0.000000 0.868473 -0.495736
976055052.935651 -40.473000 3.484000 1.000000 0.000000 0.000000 -0.813830 0.581103
976055056.656787 -40.993999 2.578000 1.000000 0.000000 0.000000 0.868473 -0.495736
976055060.145365 -41.672997 1.795000 1.000000 0.000000 0.000000 0.917891 -0.396832
976055063.323230 -42.202003 1.219000 1.000000 0.000000 0.000000 0.915435 -0.402465
976055067.320930 -43.029999 0.292000 1.000000 0.000000 0.000000 0.906567 -0.422061
976055070.368702 -43.147003 0.147000 1.000000 0.000000 0.000000 -0.768803 0.639486
976055074.976435 -43.284000 -1.109000 1.000000 0.000000 0.000000 -0.766834 0.641846
976055075.474329 -43.306000 -1.231000 1.000000 0.000000 0.000000 -0.768803 0.639486
976055079.121070 -43.497002 -2.310000 1.000000 0.000000 0.000000 -0.748793 0.662804
976055082.941314 -43.747997 -3.314000 1.000000 0.000000 0.000000 -0.802979 0.596008
976055086.826463 -44.098000 -4.447000 1.000000 0.000000 0.000000 -0.812040 0.583601
976055089.818763 -44.389999 -5.262000 1.000000 0.000000 0.000000 -0.846350 0.532627
976055094.653871 -44.941002 -6.472000 1.000000 0.000000 0.000000 -0.854433 0.519561
976055096.404741 -45.147003 -6.891000 1.000000 0.000000 0.000000 -0.844710 0.535225
976055104.588232 -45.642998 -7.794000 1.000000 0.000000 0.000000 -0.860754 0.509020
976055109.546950 -46.098999 -8.675000 1.000000 0.000000 0.000000 -0.704495 0.709709
976055110.740797 -46.098999 -8.676000 1.000000 0.000000 0.000000 -0.494669 0.869082
976055116.654594 -45.139000 -9.414001 1.000000 0.000000 0.000000 -0.350092 0.936715
976055121.562126 -44.075001 -10.457000 1.000000 0.000000 0.000000 -0.406961 0.913445
976055123.877572 -43.671001 -10.953000 1.000000 0.000000 0.000000 -0.451360 0.892342
976055127.667073 -43.612003 -11.039001 1.000000 0.000000 0.000000 -0.730179 0.683256
976055129.562910 -43.612003 -11.044001 1.000000 0.000000 0.000000 0.887578 -0.460658
976055135.230850 -44.457001 -11.649000 1.000000 0.000000 0.000000 0.951473 -0.307731
976055139.947589 -45.029999 -12.026999 1.000000 0.000000 0.000000 -0.721726 0.692179
976055142.766549 -45.029999 -12.026000 1.000000 0.000000 0.000000 -0.505313 0.862936
976055146.830698 -45.014000 -12.037000 1.000000 0.000000 0.000000 0.698362 0.715744
976055148.335120 -45.009998 -12.050000 1.000000 0.000000 0.000000 0.863247 0.504782
976055151.910555 -45.005001 -12.064000 1.000000 0.000000 0.000000 0.707975 0.706237
976055154.430676 -45.006001 -12.069000 1.000000 0.000000 0.000000 0.610223 0.792230
976055158.483549 -44.354000 -11.651999 1.000000 0.000000 0.000000 0.286607 0.958048
976055162.289079 -43.669998 -11.208000 1.000000 0.000000 0.000000 0.295426 0.955366
976055166.747645 -42.262001 -10.390000 1.000000 0.000000 0.000000 0.236193 0.971706
976055170.160078 -42.186001 -10.350000 1.000000 0.000000 0.000000 0.489854 0.871805
976055173.916377 -42.165001 -10.363001 1.000000 0.000000 0.000000 0.997547 -0.070002
976055174.968297 -42.152000 -10.356999 1.000000 0.000000 0.000000 0.944635 -0.328123
976055177.750906 -42.147003 -10.351000 1.000000 0.000000 0.000000 -0.815612 0.578600
976055181.908213 -41.709000 -11.236000 1.000000 0.000000 0.000000 -0.559906 0.828556
976055185.455943 -41.499001 -11.788000 1.000000 0.000000 0.000000 -0.582602 0.812757
976055189.458710 -41.466000 -11.900000 1.000000 0.000000 0.000000 0.953347 -0.301878
976055193.748917 -42.418999 -12.335999 1.000000 0.000000 0.000000 0.975761 -0.218839
976055198.109827 -42.863998 -12.539001 1.000000 0.000000 0.000000 0.871503 -0.490390
976055199.551924 -42.865002 -12.542000 1.000000 0.000000 0.000000 -0.717459 0.696601
976055205.809825 -42.872997 -12.572000 1.000000 0.000000 0.000000 0.869992 -0.493065
976055209.738716 -43.466000 -13.460999 1.000000 0.000000 0.000000 0.935201 -0.354119
976055211.766900 -43.465000 -13.460000 1.000000 0.000000 0.000000 0.977087 -0.212838
976055215.592760 -44.621002 -13.841000 1.000000 0.000000 0.000000 0.988778 -0.149390
976055217.727133 -44.639000 -13.848001 1.000000 0.000000 0.000000 0.922699 -0.385520
976055221.696038 -44.622002 -14.510000 1.000000 0.000000 0.000000 -0.711007 0.703185
976055225.895246 -44.633999 -15.110000 1.000000 0.000000 0.000000 0.866946 -0.498402
976055231.461380 -45.092003 -15.720000 1.000000 0.000000 0.000000 -0.750826 0.660500
976055235.175440 -45.087002 -15.705000 1.000000 0.000000 0.000000 0.090829 0.995867
976055235.938070 -45.084999 -15.705000 1.000000 0.000000 0.000000 0.127479 0.991841
976055237.735648 -45.032997 -15.606000 1.000000 0.000000 0.000000 0.575588 0.817740
976055242.571505 -44.412998 -14.269000 1.000000 0.000000 0.000000 0.516407 0.856343
976055246.770268 -44.264999 -14.007000 1.000000 0.000000 0.000000 0.271854 0.962338
976055251.503144 -43.257999 -13.875000 1.000000 0.000000 0.000000 0.054054 0.998538
976055254.302474 -42.557999 -13.830999 1.000000 0.000000 0.000000 0.007989 0.999968
976055258.402861 -42.471001 -13.846999 1.000000 0.000000 0.000000 -0.456835 0.889551
976055260.379856 -42.466000 -13.863001 1.000000 0.000000 0.000000 -0.689067 0.724697
976055266.491107 -42.755001 -14.846000 1.000000 0.000000 0.000000 -0.819152 0.573577
976055270.500273 -42.948997 -15.686000 1.000000 0.000000 0.000000 -0.654945 0.755676
976055274.255503 -42.948997 -15.689000 1.000000 0.000000 0.000000 -0.789974 0.613140
976055278.766495 -43.435001 -17.004999 1.000000 0.000000 0.000000 -0.839740 0.542988
976055282.553058 -43.793999 -17.740000 1.000000 0.000000 0.000000 -0.856026 0.516933
976055287.476211 -44.101002 -18.715000 1.000000 0.000000 0.000000 -0.827867 0.560924
976055290.949707 -44.538998 -19.633001 1.000000 0.000000 0.000000 -0.865410 0.501064
976055294.960471 -45.171001 -20.576000 1.000000 0.000000 0.000000 -0.822661 0.568532
976055298.250000 -45.687000 -21.655001 1.000000 0.000000 0.000000 -0.865410 0.501064
976055302.113389 -46.107998 -22.391001 1.000000 0.000000 0.000000 0.866946 -0.498402
976055306.727922 -46.417004 -22.906000 1.000000 0.000000 0.000000 0.948596 -0.316489
976055310.601149 -46.430000 -22.903000 1.000000 0.000000 0.000000 0.994156 0.107951
976055315.712000 -47.202999 -22.688000 1.000000 0.000000 0.000000 0.972713 0.232011
976055319.190889 -47.535000 -22.171001 1.000000 0.000000 0.000000 0.878348 0.478022
976055322.541826 -48.125000 -21.334000 1.000000 0.000000 0.000000 0.881268 0.472616
976055326.810174 -48.276001 -21.113998 1.000000 0.000000 0.000000 0.999841 -0.017821
976055327.572394 -48.277000 -21.113998 1.000000 0.000000 0.000000 0.980242 -0.197802
976055331.222020 -48.273998 -21.122000 1.000000 0.000000 0.000000 -0.531586 0.847004
976055335.421111 -47.683998 -21.871000 1.000000 0.000000 0.000000 -0.544536 0.838737
976055339.542869 -47.429001 -22.983000 1.000000 0.000000 0.000000 -0.654945 0.755676
976055344.199850 -47.340000 -23.748001 1.000000 0.000000 0.000000 -0.808439 0.588580
976055347.849513 -47.502998 -23.799000 1.000000 0.000000 0.000000 0.990540 -0.137225
976055352.445970 -48.397003 -23.980000 1.000000 0.000000 0.000000 0.997098 -0.076131
976055358.661705 -48.808998 -24.040001 1.000000 0.000000 0.000000 0.842399 0.538854
976055363.762546 -49.132999 -22.763000 1.000000 0.000000 0.000000 0.775829 0.630943
976055368.346796 -49.322998 -21.383001 1.000000 0.000000 0.000000 0.733529 0.679658
976055372.171713 -49.452999 -20.308001 1.000000 0.000000 0.000000 0.737692 0.675137
976055376.348869 -49.491001 -19.948000 1.000000 0.000000 0.000000 0.973421 0.229021
976055376.872679 -49.490002 -19.948000 1.000000 0.000000 0.000000 0.989940 0.141485
976055379.422244 -49.494999 -19.951000 1.000000 0.000000 0.000000 0.965447 -0.260600
976055383.864501 -49.492001 -19.976999 1.000000 0.000000 0.000000 -0.172438 0.985020
976055384.796534 -49.490002 -19.976999 1.000000 0.000000 0.000000 0.096947 0.995290
976055389.326935 -48.354000 -19.629999 1.000000 0.000000 0.000000 0.112226 0.993683
976055392.265207 -47.563000 -19.444000 1.000000 0.000000 0.000000 0.130526 0.991445
976055396.662667 -46.393997 -19.302000 1.000000 0.000000 0.000000 -0.004302 0.999991
976055400.823375 -45.362999 -19.419001 1.000000 0.000000 0.000000 -0.145135 0.989412
976055404.974781 -43.918999 -19.881001 1.000000 0.000000 0.000000 -0.160318 0.987065
976055408.861312 -43.250999 -20.107000 1.000000 0.000000 0.000000 -0.154249 0.988032
976055413.196437 -42.631001 -20.304001 1.000000 0.000000 0.000000 0.215239 0.976561
976055414.562781 -42.631001 -20.303001 1.000000 0.000000 0.000000 0.503190 0.864176
976055418.789005 -42.643997 -20.293001 1.000000 0.000000 0.000000 0.991203 0.132354
976055422.191878 -43.602997 -20.009001 1.000000 0.000000 0.000000 0.988127 0.153642
976055426.513030 -44.777000 -19.584000 1.000000 0.000000 0.000000 0.980605 0.195994
976055430.173032 -45.707001 -19.114000 1.000000 0.000000 0.000000 0.963499 0.267712
976055434.337903 -46.700001 -18.410999 1.000000 0.000000 0.000000 0.941155 0.337974
976055438.173209 -47.518997 -17.684999 1.000000 0.000000 0.000000 0.919831 0.392314
976055442.833323 -48.222000 -16.943001 1.000000 0.000000 0.000000 0.921032 0.389486
976055445.648235 -48.227997 -16.939001 1.000000 0.000000 0.000000 0.993119 0.117110
976055449.814024 -48.918999 -17.549999 1.000000 0.000000 0.000000 0.936284 -0.351243
976055453.585665 -49.709999 -18.232000 1.000000 0.000000 0.000000 0.943622 -0.331025
976055457.616321 -50.667004 -19.009001 1.000000 0.000000 0.000000 0.947619 -0.319402
976055461.447966 -51.507999 -19.645000 1.000000 0.000000 0.000000 0.951473 -0.307731
976055465.505011 -51.973000 -19.985001 1.000000 0.000000 0.000000 -0.846350 0.532627
976055466.679735 -51.972000 -19.983000 1.000000 0.000000 0.000000 -0.677852 0.735198
976055471.470467 -51.407001 -20.668999 1.000000 0.000000 0.000000 -0.473157 0.880978
976055474.834990 -50.952003 -21.340000 1.000000 0.000000 0.000000 -0.470448 0.882428
976055479.114093 -50.250999 -22.594999 1.000000 0.000000 0.000000 -0.554804 0.831981
976055482.677458 -49.782997 -23.514000 1.000000 0.000000 0.000000 -0.494669 0.869082
976055486.878621 -49.314999 -24.643000 1.000000 0.000000 0.000000 -0.557357 0.830273
976055490.479472 -48.915001 -25.601999 1.000000 0.000000 0.000000 -0.549680 0.835375
976055494.821341 -48.622997 -26.792000 1.000000 0.000000 0.000000 -0.673321 0.739350
976055498.880950 -48.505001 -27.831001 1.000000 0.000000 0.000000 -0.657264 0.753660
976055503.422576 -48.471001 -29.161999 1.000000 0.000000 0.000000 -0.689067 0.724697
976055508.180879 -48.452999 -30.658001 1.000000 0.000000 0.000000 -0.750826 0.660500
976055512.837959 -48.607002 -31.918999 1.000000 0.000000 0.000000 -0.736447 0.676496
976055518.266360 -48.698997 -32.923000 1.000000 0.000000 0.000000 -0.797450 0.603384
976055522.760015 -49.146000 -34.659000 1.000000 0.000000 0.000000 -0.784289 0.620396
976055524.806700 -49.247002 -35.086002 1.000000 0.000000 0.000000 -0.788086 0.615565
976055528.881967 -49.731003 -36.465000 1.000000 0.000000 0.000000 -0.806626 0.591062
976055532.527529 -49.752003 -36.527000 1.000000 0.000000 0.000000 0.963004 -0.269488
976055532.540510 -49.749001 -36.522999 1.000000 0.000000 0.000000 -0.824405 0.566001
976055537.682673 -50.172997 -36.293999 1.000000 0.000000 0.000000 0.960136 0.279534
